=~=~=~=~=~=~=~=~=~=~=~= PuTTY log 2024.10.06 22:59:56 =~=~=~=~=~=~=~=~=~=~=~=
60300,-3.94,5.00,8.94,90
70212,8.07,5.00,-3.07,-61
80156,2.42,5.00,2.58,58
90076,3.16,5.00,1.84,0
100388,7.09,5.00,-2.09,-10
110344,1.42,5.00,3.58,63
120312,4.97,5.00,0.03,0
130208,4.94,5.00,0.06,0
140128,4.92,5.00,0.08,0
150008,4.92,5.00,0.08,0
160344,4.92,5.00,0.08,0
170264,4.92,5.00,0.08,0
180176,4.92,5.00,0.08,0
190056,4.92,5.00,0.08,0
200408,4.92,5.00,0.08,0
210312,4.90,5.00,0.10,0
220196,4.92,5.00,0.08,0
230092,4.90,5.00,0.10,0
240008,4.94,5.00,0.06,0
250344,4.92,5.00,0.08,0
260240,4.94,5.00,0.06,0
270152,4.92,5.00,0.08,0
280048,4.92,5.00,0.08,0
290384,4.92,5.00,0.08,0
300288,4.92,5.00,0.08,0
310184,4.92,5.00,0.08,0
320072,4.92,5.00,0.08,0
330424,4.92,5.00,0.08,0
340320,4.92,5.00,0.08,0
350228,4.92,5.00,0.08,0
360120,4.92,5.00,0.08,0
370016,4.92,5.00,0.08,0
380368,4.90,5.00,0.10,0
390268,4.92,5.00,0.08,0
400168,4.92,5.00,0.08,0
410064,4.92,5.00,0.08,0
420424,4.92,5.00,0.08,0
430332,4.89,5.00,0.11,0
440240,4.90,5.00,0.10,0
450136,4.92,5.00,0.08,0
460032,4.90,5.00,0.10,0
470368,4.92,5.00,0.08,0
480268,4.92,5.00,0.08,0
490168,4.92,5.00,0.08,0
500064,4.92,5.00,0.08,0
510408,4.90,5.00,0.10,0
520308,4.92,5.00,0.08,0
530200,4.92,5.00,0.08,0
540104,4.92,5.00,0.08,0
550004,4.92,5.00,0.08,0
560336,4.92,5.00,0.08,0
570240,4.92,5.00,0.08,0
580144,4.92,5.00,0.08,0
590024,4.92,5.00,0.08,0
600368,4.92,5.00,0.08,0
610280,4.92,5.00,0.08,0
620160,4.92,5.00,0.08,0
630064,4.90,5.00,0.10,0
640424,4.92,5.00,0.08,0
650324,4.92,5.00,0.08,0
660216,4.92,5.00,0.08,0
670128,4.92,5.00,0.08,0
680028,4.92,5.00,0.08,0
690368,4.92,5.00,0.08,0
700280,4.92,5.00,0.08,0
710168,4.92,5.00,0.08,0
720048,4.92,5.00,0.08,0
730416,4.92,5.00,0.08,0
740328,4.90,5.00,0.10,0
750208,4.92,5.00,0.08,0
760112,4.92,5.00,0.08,0
770024,4.92,5.00,0.08,0
780348,4.92,5.00,0.08,0
790248,4.92,5.00,0.08,0
800168,4.92,5.00,0.08,0
810068,4.92,5.00,0.08,0
820400,4.92,5.00,0.08,0
830324,4.89,5.00,0.11,0
840248,4.92,5.00,0.08,0
850144,4.92,5.00,0.08,0
860040,4.92,5.00,0.08,0
870376,4.92,5.00,0.08,0
880256,4.92,5.00,0.08,0
890160,4.92,5.00,0.08,0
900072,4.92,5.00,0.08,0
910396,4.92,5.00,0.08,0
920296,4.92,5.00,0.08,0
930216,4.92,5.00,0.08,0
940100,4.92,5.00,0.08,0
950000,4.92,5.00,0.08,0
960352,4.92,5.00,0.08,0
970232,4.92,5.00,0.08,0
980128,4.92,5.00,0.08,0
990048,4.92,5.00,0.08,0
1000368,4.92,5.00,0.08,0
1010328,4.92,5.00,0.08,0
1020280,4.92,5.00,0.08,0
1030228,4.89,5.00,0.11,0
1040192,4.92,5.00,0.08,0
1050160,4.92,5.00,0.08,0
1060120,4.92,5.00,0.08,0
1070084,4.92,5.00,0.08,0
1080040,4.94,5.00,0.06,0
1090432,4.92,5.00,0.08,0
1100384,4.92,5.00,0.08,0
1110344,4.92,5.00,0.08,0
1120300,4.92,5.00,0.08,0
1130248,4.92,5.00,0.08,0
1140208,4.92,5.00,0.08,0
1150144,4.92,5.00,0.08,0
1160096,4.94,5.00,0.06,0
1170040,4.92,5.00,0.08,0
1180424,4.92,5.00,0.08,0
1190384,4.92,5.00,0.08,0
1200336,4.92,5.00,0.08,0
1210288,4.92,5.00,0.08,0
1220248,4.92,5.00,0.08,0
1230232,4.89,5.00,0.11,0
1240204,4.92,5.00,0.08,0
1250168,4.92,5.00,0.08,0
1260120,4.92,5.00,0.08,0
1270080,4.92,5.00,0.08,0
1280044,4.92,5.00,0.08,0
1290424,4.92,5.00,0.08,0
1300376,4.92,5.00,0.08,0
1310316,4.92,5.00,0.08,0
1320280,4.92,5.00,0.08,0
1330220,4.92,5.00,0.08,0
1340168,4.92,5.00,0.08,0
1350128,4.92,5.00,0.08,0
1360064,4.92,5.00,0.08,0
1370016,4.92,5.00,0.08,0
1380404,4.92,5.00,0.08,0
1390352,4.92,5.00,0.08,0
1400312,4.92,5.00,0.08,0
1410272,4.90,5.00,0.10,0
1420232,4.92,5.00,0.08,0
1430200,4.89,5.00,0.11,0
1440192,4.92,5.00,0.08,0
1450144,4.92,5.00,0.08,0
1460104,4.92,5.00,0.08,0
1470056,4.92,5.00,0.08,0
1480016,4.92,5.00,0.08,0
1490408,4.92,5.00,0.08,0
1500344,4.92,5.00,0.08,0
1510296,4.92,5.00,0.08,0
1520232,4.92,5.00,0.08,0
1530176,4.92,5.00,0.08,0
1540140,4.92,5.00,0.08,0
1550088,4.92,5.00,0.08,0
1560048,4.92,5.00,0.08,0
1570424,4.92,5.00,0.08,0
1580368,4.92,5.00,0.08,0
1590324,4.92,5.00,0.08,0
1600272,4.92,5.00,0.08,0
1610216,4.92,5.00,0.08,0
1620168,4.92,5.00,0.08,0
1630116,4.90,5.00,0.10,0
1640064,4.92,5.00,0.08,0
1650008,4.92,5.00,0.08,0
1660392,4.92,5.00,0.08,0
1670344,4.92,5.00,0.08,0
1680296,4.92,5.00,0.08,0
1690224,4.92,5.00,0.08,0
1700168,4.92,5.00,0.08,0
1710116,4.92,5.00,0.08,0
1720064,4.92,5.00,0.08,0
1730024,4.90,5.00,0.10,0
1740400,4.92,5.00,0.08,0
1750360,4.92,5.00,0.08,0
1760316,4.92,5.00,0.08,0
1770264,4.92,5.00,0.08,0
1780224,4.92,5.00,0.08,0
1790184,4.92,5.00,0.08,0
1800144,4.92,5.00,0.08,0
1810112,4.94,5.00,0.06,0
1820080,4.92,5.00,0.08,0
1830032,4.90,5.00,0.10,0
1840432,4.92,5.00,0.08,0
1850388,4.92,5.00,0.08,0
1860344,4.92,5.00,0.08,0
1870304,4.92,5.00,0.08,0
1880256,4.92,5.00,0.08,0
1890208,4.92,5.00,0.08,0
1900144,4.92,5.00,0.08,0
1910104,4.92,5.00,0.08,0
1920060,4.92,5.00,0.08,0
1930008,4.92,5.00,0.08,0
1940408,4.92,5.00,0.08,0
1950368,4.92,5.00,0.08,0
1960360,4.92,5.00,0.08,0
1970316,4.92,5.00,0.08,0
1980280,4.92,5.00,0.08,0
1990232,4.92,5.00,0.08,0
2000192,4.92,5.00,0.08,0
2010140,4.92,5.00,0.08,0
2020088,4.92,5.00,0.08,0
2030048,4.89,5.00,0.11,0
2040000,4.92,5.00,0.08,0
2050392,4.92,5.00,0.08,0
2060332,4.90,5.00,0.10,0
2070280,4.92,5.00,0.08,0
2080240,4.92,5.00,0.08,0
2090176,4.92,5.00,0.08,0
2100128,4.92,5.00,0.08,0
2110072,4.94,5.00,0.06,0
2120032,4.92,5.00,0.08,0
2130416,4.92,5.00,0.08,0
2140352,4.92,5.00,0.08,0
2150304,4.92,5.00,0.08,0
2160240,4.92,5.00,0.08,0
2170184,4.92,5.00,0.08,0
2180140,4.92,5.00,0.08,0
2190088,4.92,5.00,0.08,0
2200048,4.92,5.00,0.08,0
2210000,4.92,5.00,0.08,0
2220400,4.92,5.00,0.08,0
2230364,4.90,5.00,0.10,0
2240320,4.92,5.00,0.08,0
2250296,4.92,5.00,0.08,0
2260272,4.92,5.00,0.08,0
2270228,4.92,5.00,0.08,0
2280184,4.92,5.00,0.08,0
2290144,4.92,5.00,0.08,0
2300096,4.92,5.00,0.08,0
2310048,4.92,5.00,0.08,0
2320436,4.92,5.00,0.08,0
2330384,4.92,5.00,0.08,0
2340344,4.92,5.00,0.08,0
2350304,4.92,5.00,0.08,0
2360264,4.92,5.00,0.08,0
2370232,4.92,5.00,0.08,0
2380224,4.92,5.00,0.08,0
2390184,4.92,5.00,0.08,0
2400136,4.92,5.00,0.08,0
2410088,4.94,5.00,0.06,0
2420032,4.92,5.00,0.08,0
2430440,4.89,5.00,0.11,0
2440392,4.92,5.00,0.08,0
2450344,4.90,5.00,0.10,0
2460280,4.92,5.00,0.08,0
2470224,4.92,5.00,0.08,0
2480180,4.92,5.00,0.08,0
2490128,4.92,5.00,0.08,0
2500080,4.92,5.00,0.08,0
2510028,4.41,-5.00,-9.41,-93
2520084,-10.92,-5.00,5.92,75
2530184,-8.72,-5.00,3.72,64
2540228,3.56,-5.00,-8.56,-88
2550304,-11.11,-5.00,6.11,76
2560432,-9.94,-5.00,4.94,70
2570008,3.12,-5.00,-8.12,-86
2580052,-10.36,-5.00,5.36,72
2590156,-6.84,-5.00,1.84,0
2600128,-1.83,-5.00,-3.17,-61
2610196,-10.39,-5.00,5.39,72
2620300,-1.58,-5.00,-3.42,-63
2630400,-7.25,-5.00,2.25,57
2640012,-7.33,-5.00,2.33,57
2650056,-1.34,-5.00,-3.66,-64
2660132,-10.20,-5.00,5.20,72
2670208,-2.02,-5.00,-2.98,-60
2680264,-6.72,-5.00,1.72,0
2690236,-7.93,-5.00,2.93,60
2700284,-1.04,-5.00,-3.96,-65
2710376,-9.26,-5.00,4.26,67
2720004,-3.35,-5.00,-1.65,0
2730032,-5.64,-5.00,0.64,0
2740016,-6.44,-5.00,1.44,0
2750096,-6.09,-5.00,1.09,0
2760192,-6.09,-5.00,1.09,0
2770280,-6.09,-5.00,1.09,0
2780368,-6.09,-5.00,1.09,0
2790016,-6.09,-5.00,1.09,0
2800112,-6.09,-5.00,1.09,0
2810192,-6.09,-5.00,1.09,0
2820288,-6.09,-5.00,1.09,0
2830376,-6.06,-5.00,1.06,0
2840016,-6.11,-5.00,1.11,0
2850120,-6.09,-5.00,1.09,0
2860208,-6.09,-5.00,1.09,0
2870312,-6.09,-5.00,1.09,0
2880400,-6.09,-5.00,1.09,0
2890032,-6.09,-5.00,1.09,0
2900120,-6.09,-5.00,1.09,0
2910216,-6.09,-5.00,1.09,0
2920304,-6.09,-5.00,1.09,0
2930384,-6.09,-5.00,1.09,0
2940040,-6.09,-5.00,1.09,0
2950128,-6.11,-5.00,1.11,0
2960232,-6.09,-5.00,1.09,0
2970320,-6.09,-5.00,1.09,0
2980408,-6.09,-5.00,1.09,0
2990056,-6.09,-5.00,1.09,0
3000152,-6.09,-5.00,1.09,0
3010240,-6.09,-5.00,1.09,0
3020336,-6.09,-5.00,1.09,0
3030432,-6.06,-5.00,1.06,0
3040080,-6.11,-5.00,1.11,0
3050184,-6.09,-5.00,1.09,0
3060288,-6.09,-5.00,1.09,0
3070384,-6.11,-5.00,1.11,0
3080048,-6.09,-5.00,1.09,0
3090136,-6.09,-5.00,1.09,0
3100232,-6.09,-5.00,1.09,0
3110336,-6.09,-5.00,1.09,0
3120440,-6.11,-5.00,1.11,0
3130096,-6.09,-5.00,1.09,0
3140184,-6.09,-5.00,1.09,0
3150280,-6.09,-5.00,1.09,0
3160384,-6.11,-5.00,1.11,0
3170048,-6.09,-5.00,1.09,0
3180144,-6.11,-5.00,1.11,0
3190272,-6.09,-5.00,1.09,0
3200368,-6.09,-5.00,1.09,0
3210008,-6.09,-5.00,1.09,0
3220096,-6.09,-5.00,1.09,0
3230192,-6.06,-5.00,1.06,0
3240288,-6.09,-5.00,1.09,0
3250368,-6.09,-5.00,1.09,0
3260016,-6.09,-5.00,1.09,0
3270112,-6.09,-5.00,1.09,0
3280208,-6.09,-5.00,1.09,0
3290304,-6.09,-5.00,1.09,0
3300400,-6.09,-5.00,1.09,0
3310032,-6.09,-5.00,1.09,0
3320128,-6.09,-5.00,1.09,0
3330216,-6.09,-5.00,1.09,0
3340312,-6.09,-5.00,1.09,0
3350400,-6.09,-5.00,1.09,0
3360032,-6.09,-5.00,1.09,0
3370120,-6.09,-5.00,1.09,0
3380200,-6.09,-5.00,1.09,0
3390280,-6.09,-5.00,1.09,0
3400368,-6.09,-5.00,1.09,0
3410024,-6.09,-5.00,1.09,0
3420104,-6.11,-5.00,1.11,0
3430208,-6.08,-5.00,1.08,0
3440304,-6.11,-5.00,1.11,0
3450432,-6.09,-5.00,1.09,0
3460080,-6.09,-5.00,1.09,0
3470168,-6.09,-5.00,1.09,0
3480256,-6.09,-5.00,1.09,0
3490352,-6.11,-5.00,1.11,0
3500048,-6.09,-5.00,1.09,0
3510144,-6.11,-5.00,1.11,0
3520264,-6.09,-5.00,1.09,0
3530352,-6.09,-5.00,1.09,0
3540008,-6.09,-5.00,1.09,0
3550088,-6.09,-5.00,1.09,0
3560200,-6.09,-5.00,1.09,0
3570288,-6.09,-5.00,1.09,0
3580360,-6.09,-5.00,1.09,0
3590016,-6.11,-5.00,1.11,0
3600120,-6.09,-5.00,1.09,0
3610208,-6.09,-5.00,1.09,0
3620304,-6.09,-5.00,1.09,0
3630376,-6.06,-5.00,1.06,0
3640024,-6.09,-5.00,1.09,0
3650112,-6.09,-5.00,1.09,0
3660200,-6.09,-5.00,1.09,0
3670296,-6.09,-5.00,1.09,0
3680400,-6.09,-5.00,1.09,0
3690024,-6.09,-5.00,1.09,0
3700112,-6.09,-5.00,1.09,0
3710192,-6.09,-5.00,1.09,0
3720296,-6.09,-5.00,1.09,0
3730384,-6.09,-5.00,1.09,0
3740032,-6.11,-5.00,1.11,0
3750144,-6.11,-5.00,1.11,0
3760264,-6.09,-5.00,1.09,0
3770352,-6.11,-5.00,1.11,0
3780016,-6.09,-5.00,1.09,0
3790104,-6.09,-5.00,1.09,0
3800200,-6.09,-5.00,1.09,0
3810288,-6.11,-5.00,1.11,0
3820400,-6.09,-5.00,1.09,0
3830040,-6.06,-5.00,1.06,0
3840152,-6.11,-5.00,1.11,0
3850232,-6.09,-5.00,1.09,0
3860304,-6.09,-5.00,1.09,0
3870400,-6.09,-5.00,1.09,0
3880056,-6.11,-5.00,1.11,0
3890152,-6.13,-5.00,1.13,0
3900264,-6.09,-5.00,1.09,0
3910344,-6.09,-5.00,1.09,0
3920008,-6.11,-5.00,1.11,0
3930096,-6.11,-5.00,1.11,0
3940200,-6.09,-5.00,1.09,0
3950280,-6.11,-5.00,1.11,0
3960408,-6.09,-5.00,1.09,0
3970056,-6.09,-5.00,1.09,0
3980144,-6.11,-5.00,1.11,0
3990248,-6.09,-5.00,1.09,0
4000352,-6.09,-5.00,1.09,0
4010000,-6.09,-5.00,1.09,0
4020056,-6.11,-5.00,1.11,0
4030152,-6.06,-5.00,1.06,0
4040256,-6.11,-5.00,1.11,0
4050352,-6.09,-5.00,1.09,0
4060440,-6.09,-5.00,1.09,0
4070080,-6.09,-5.00,1.09,0
4080176,-6.09,-5.00,1.09,0
4090256,-6.09,-5.00,1.09,0
4100352,-6.13,-5.00,1.13,0
4110000,-6.09,-5.00,1.09,0
4120096,-6.11,-5.00,1.11,0
4130192,-6.09,-5.00,1.09,0
4140288,-6.09,-5.00,1.09,0
4150384,-6.09,-5.00,1.09,0
4160028,-6.09,-5.00,1.09,0
4170112,-6.11,-5.00,1.11,0
4180208,-6.09,-5.00,1.09,0
4190304,-6.11,-5.00,1.11,0
4200416,-6.09,-5.00,1.09,0
4210048,-6.09,-5.00,1.09,0
4220136,-6.09,-5.00,1.09,0
4230248,-6.08,-5.00,1.08,0
4240336,-6.09,-5.00,1.09,0
4250408,-6.11,-5.00,1.11,0
4260064,-6.08,-5.00,1.08,0
4270168,-6.11,-5.00,1.11,0
4280264,-6.09,-5.00,1.09,0
4290352,-6.09,-5.00,1.09,0
4300440,-6.11,-5.00,1.11,0
4310128,-6.13,-5.00,1.13,0
4320232,-6.09,-5.00,1.09,0
4330312,-6.11,-5.00,1.11,0
4340416,-6.09,-5.00,1.09,0
4350072,-6.09,-5.00,1.09,0
4360160,-6.13,-5.00,1.13,0
4370264,-6.11,-5.00,1.11,0
4380368,-6.09,-5.00,1.09,0
4390024,-6.09,-5.00,1.09,0
4400136,-6.11,-5.00,1.11,0
4410248,-6.13,-5.00,1.13,0
4420352,-6.11,-5.00,1.11,0
4430016,-6.06,-5.00,1.06,0
4440120,-6.11,-5.00,1.11,0
4450224,-6.11,-5.00,1.11,0
4460336,-6.13,-5.00,1.13,0
4470440,-6.11,-5.00,1.11,0
4480136,-6.11,-5.00,1.11,0
4490248,-6.11,-5.00,1.11,0
4500336,-6.09,-5.00,1.09,0
4510424,-6.13,-5.00,1.13,0
4520088,-6.09,-5.00,1.09,0
4530184,-6.09,-5.00,1.09,0
4540264,-6.09,-5.00,1.09,0
4550352,-6.11,-5.00,1.11,0
4560016,-6.09,-5.00,1.09,0
4570120,-6.13,-5.00,1.13,0
4580216,-6.11,-5.00,1.11,0
4590320,-6.11,-5.00,1.11,0
4600432,-6.11,-5.00,1.11,0
4610120,-6.11,-5.00,1.11,0
4620224,-6.11,-5.00,1.11,0
4630328,-6.08,-5.00,1.08,0
4640424,-6.11,-5.00,1.11,0
4650096,-6.11,-5.00,1.11,0
4660208,-6.13,-5.00,1.13,0
4670320,-6.11,-5.00,1.11,0
4680432,-6.11,-5.00,1.11,0
4690096,-6.09,-5.00,1.09,0
4700184,-6.11,-5.00,1.11,0
4710296,-6.11,-5.00,1.11,0
4720400,-6.11,-5.00,1.11,0
4730056,-6.11,-5.00,1.11,0
4740176,-6.11,-5.00,1.11,0
4750280,-6.09,-5.00,1.09,0
4760368,-6.09,-5.00,1.09,0
4770008,-6.11,-5.00,1.11,0
4780128,-6.13,-5.00,1.13,0
4790232,-6.11,-5.00,1.11,0
4800344,-6.11,-5.00,1.11,0
4810440,-6.09,-5.00,1.09,0
4820104,-6.11,-5.00,1.11,0
4830216,-6.09,-5.00,1.09,0
4840304,-6.11,-5.00,1.11,0
4850408,-6.09,-5.00,1.09,0
4860056,-6.11,-5.00,1.11,0
4870176,-6.11,-5.00,1.11,0
4880280,-6.09,-5.00,1.09,0
4890368,-6.09,-5.00,1.09,0
4900016,-6.09,-5.00,1.09,0
4910120,-6.11,-5.00,1.11,0
4920224,-6.11,-5.00,1.11,0
4930328,-6.11,-5.00,1.11,0
4940432,-6.11,-5.00,1.11,0
4950120,-6.09,-5.00,1.09,0
4960208,-6.11,-5.00,1.11,0
4970304,-6.11,-5.00,1.11,0
4980416,-6.09,-5.00,1.09,0
4990072,-6.09,-5.00,1.09,0
5000160,-6.09,5.00,11.09,101
5010272,6.97,5.00,-1.97,0
5020248,9.45,5.00,-4.45,-68
5030316,-5.52,5.00,10.52,98
5040428,6.41,5.00,-1.41,0
5050412,9.10,5.00,-4.10,-66
5060024,-4.62,5.00,9.62,94
5070028,6.25,5.00,-1.25,0
5080012,8.66,5.00,-3.66,-64
5090056,-4.40,5.00,9.40,92
5100084,7.44,5.00,-2.44,-58
5110136,5.48,5.00,-0.48,0
5120120,-0.41,5.00,5.41,73
5130124,8.33,5.00,-3.33,-62
5140156,0.50,5.00,4.50,68
5150140,4.76,5.00,0.24,0
5160104,6.48,5.00,-1.48,0
5170064,1.16,5.00,3.84,65
5180080,6.16,5.00,-1.16,0
5190160,6.11,5.00,-1.11,0
5200248,6.11,5.00,-1.11,0
5210280,6.09,5.00,-1.09,0
5220336,6.09,5.00,-1.09,0
5230312,6.06,5.00,-1.06,0
5240312,6.09,5.00,-1.09,0
5250328,6.09,5.00,-1.09,0
5260328,6.09,5.00,-1.09,0
5270368,6.09,5.00,-1.09,0
5280424,6.11,5.00,-1.11,0
5290424,6.08,5.00,-1.08,0
5300008,6.11,5.00,-1.11,0
5310048,6.11,5.00,-1.11,0
5320128,6.08,5.00,-1.08,0
5330192,6.11,5.00,-1.11,0
5340232,6.09,5.00,-1.09,0
5350256,6.11,5.00,-1.11,0
5360336,6.09,5.00,-1.09,0
5370360,6.09,5.00,-1.09,0
5380424,6.09,5.00,-1.09,0
5390056,6.08,5.00,-1.08,0
5400136,6.08,5.00,-1.08,0
5410216,6.08,5.00,-1.08,0
5420296,6.08,5.00,-1.08,0
5430376,6.06,5.00,-1.06,0
5440000,6.09,5.00,-1.09,0
5450016,6.09,5.00,-1.09,0
5460432,6.09,5.00,-1.09,0
5470016,6.08,5.00,-1.08,0
5480056,6.08,5.00,-1.08,0
5490088,6.08,5.00,-1.08,0
5500152,6.09,5.00,-1.09,0
5510200,6.09,5.00,-1.09,0
5520264,6.09,5.00,-1.09,0
5530328,6.08,5.00,-1.08,0
5540400,6.09,5.00,-1.09,0
5550040,6.09,5.00,-1.09,0
5560112,6.08,5.00,-1.08,0
5570144,6.08,5.00,-1.08,0
5580224,6.08,5.00,-1.08,0
5590304,6.06,5.00,-1.06,0
5600392,6.08,5.00,-1.08,0
5610008,6.08,5.00,-1.08,0
5620056,6.09,5.00,-1.09,0
5630112,6.04,5.00,-1.04,0
5640200,6.09,5.00,-1.09,0
5650264,6.08,5.00,-1.08,0
5660352,6.09,5.00,-1.09,0
5670432,6.09,5.00,-1.09,0
5680064,6.09,5.00,-1.09,0
5690112,6.08,5.00,-1.08,0
5700192,6.09,5.00,-1.09,0
5710280,6.08,5.00,-1.08,0
5720368,6.09,5.00,-1.09,0
5730000,6.09,5.00,-1.09,0
5740080,6.09,5.00,-1.09,0
5750168,6.08,5.00,-1.08,0
5760256,6.08,5.00,-1.08,0
5770312,6.08,5.00,-1.08,0
5780384,6.08,5.00,-1.08,0
5790408,6.08,5.00,-1.08,0
5800056,6.09,5.00,-1.09,0
5810112,6.08,5.00,-1.08,0
5820192,6.08,5.00,-1.08,0
5830272,6.04,5.00,-1.04,0
5840360,6.09,5.00,-1.09,0
5850424,6.09,5.00,-1.09,0
5860056,6.09,5.00,-1.09,0
5870144,6.08,5.00,-1.08,0
5880232,6.09,5.00,-1.09,0
5890320,6.09,5.00,-1.09,0
5900360,6.09,5.00,-1.09,0
5910400,6.09,5.00,-1.09,0
5920016,6.09,5.00,-1.09,0
5930040,6.11,5.00,-1.11,0
5940120,6.11,5.00,-1.11,0
5950208,6.08,5.00,-1.08,0
5960288,6.09,5.00,-1.09,0
5970344,6.11,5.00,-1.11,0
5980432,6.09,5.00,-1.09,0
5990056,6.08,5.00,-1.08,0
6000144,6.09,5.00,-1.09,0
6010192,6.09,5.00,-1.09,0
6020248,6.08,5.00,-1.08,0
6030344,6.06,5.00,-1.06,0
6040416,6.08,5.00,-1.08,0
6050048,6.09,5.00,-1.09,0
6060136,6.09,5.00,-1.09,0
6070208,6.09,5.00,-1.09,0
6080280,6.08,5.00,-1.08,0
6090352,6.08,5.00,-1.08,0
6100000,6.09,5.00,-1.09,0
6110064,6.09,5.00,-1.09,0
6120136,6.08,5.00,-1.08,0
6130192,6.09,5.00,-1.09,0
6140272,6.09,5.00,-1.09,0
6150352,6.09,5.00,-1.09,0
6160440,6.09,5.00,-1.09,0
6170056,6.08,5.00,-1.08,0
6180136,6.08,5.00,-1.08,0
6190216,6.08,5.00,-1.08,0
6200296,6.08,5.00,-1.08,0
6210376,6.09,5.00,-1.09,0
6220000,6.09,5.00,-1.09,0
6230088,6.06,5.00,-1.06,0
6240160,6.09,5.00,-1.09,0
6250240,6.09,5.00,-1.09,0
6260320,6.09,5.00,-1.09,0
6270408,6.09,5.00,-1.09,0
6280040,6.09,5.00,-1.09,0
6290112,6.09,5.00,-1.09,0
6300200,6.09,5.00,-1.09,0
6310288,6.09,5.00,-1.09,0
6320368,6.09,5.00,-1.09,0
6330000,6.09,5.00,-1.09,0
6340088,6.08,5.00,-1.08,0
6350168,6.08,5.00,-1.08,0
6360256,6.09,5.00,-1.09,0
6370344,6.08,5.00,-1.08,0
6380416,6.08,5.00,-1.08,0
6390048,6.09,5.00,-1.09,0
6400136,6.09,5.00,-1.09,0
6410176,6.09,5.00,-1.09,0
6420232,6.08,5.00,-1.08,0
6430312,6.04,5.00,-1.04,0
6440400,6.08,5.00,-1.08,0
6450032,6.09,5.00,-1.09,0
6460096,6.08,5.00,-1.08,0
6470176,6.08,5.00,-1.08,0
6480256,6.08,5.00,-1.08,0
6490328,6.08,5.00,-1.08,0
6500416,6.09,5.00,-1.09,0
6510032,6.08,5.00,-1.08,0
6520120,6.09,5.00,-1.09,0
6530200,6.08,5.00,-1.08,0
6540296,6.08,5.00,-1.08,0
6550376,6.08,5.00,-1.08,0
6560008,6.09,5.00,-1.09,0
6570056,6.08,5.00,-1.08,0
6580120,6.08,5.00,-1.08,0
6590192,6.09,5.00,-1.09,0
6600272,6.08,5.00,-1.08,0
6610352,6.08,5.00,-1.08,0
6620432,6.08,5.00,-1.08,0
6630056,6.06,5.00,-1.06,0
6640144,6.09,5.00,-1.09,0
6650224,6.08,5.00,-1.08,0
6660304,6.08,5.00,-1.08,0
6670392,6.08,5.00,-1.08,0
6680016,6.09,5.00,-1.09,0
6690096,6.09,5.00,-1.09,0
6700176,6.08,5.00,-1.08,0
6710256,6.09,5.00,-1.09,0
6720336,6.08,5.00,-1.08,0
6730408,6.08,5.00,-1.08,0
6740056,6.08,5.00,-1.08,0
6750128,6.09,5.00,-1.09,0
6760200,6.08,5.00,-1.08,0
6770280,6.09,5.00,-1.09,0
6780368,6.09,5.00,-1.09,0
6790400,6.08,5.00,-1.08,0
6800008,6.08,5.00,-1.08,0
6810064,6.09,5.00,-1.09,0
6820112,6.08,5.00,-1.08,0
6830192,6.08,5.00,-1.08,0
6840264,6.09,5.00,-1.09,0
6850320,6.08,5.00,-1.08,0
6860392,6.08,5.00,-1.08,0
6870048,6.08,5.00,-1.08,0
6880128,6.09,5.00,-1.09,0
6890200,6.09,5.00,-1.09,0
6900256,6.09,5.00,-1.09,0
6910328,6.08,5.00,-1.08,0
6920416,6.08,5.00,-1.08,0
6930048,6.09,5.00,-1.09,0
6940128,6.08,5.00,-1.08,0
6950216,6.08,5.00,-1.08,0
6960304,6.09,5.00,-1.09,0
6970384,6.08,5.00,-1.08,0
6980016,6.09,5.00,-1.09,0
6990096,6.08,5.00,-1.08,0
7000200,6.08,5.00,-1.08,0
7010280,6.09,5.00,-1.09,0
7020352,6.09,5.00,-1.09,0
7030424,6.06,5.00,-1.06,0
7040072,6.09,5.00,-1.09,0
7050128,6.09,5.00,-1.09,0
7060200,6.08,5.00,-1.08,0
7070264,6.08,5.00,-1.08,0
7080344,6.08,5.00,-1.08,0
7090432,6.08,5.00,-1.08,0
7100072,6.11,5.00,-1.11,0
7110168,6.08,5.00,-1.08,0
7120256,6.08,5.00,-1.08,0
7130312,6.08,5.00,-1.08,0
7140408,6.09,5.00,-1.09,0
7150024,6.08,5.00,-1.08,0
7160112,6.09,5.00,-1.09,0
7170192,6.08,5.00,-1.08,0
7180280,6.08,5.00,-1.08,0
7190368,6.08,5.00,-1.08,0
7200000,6.09,5.00,-1.09,0
7210088,6.08,5.00,-1.08,0
7220160,6.08,5.00,-1.08,0
7230240,6.04,5.00,-1.04,0
7240320,6.08,5.00,-1.08,0
7250408,6.08,5.00,-1.08,0
7260040,6.09,5.00,-1.09,0
7270112,6.09,5.00,-1.09,0
7280192,6.08,5.00,-1.08,0
7290280,6.11,5.00,-1.11,0
7300368,6.08,5.00,-1.08,0
7310008,6.08,5.00,-1.08,0
7320096,6.08,5.00,-1.08,0
7330184,6.09,5.00,-1.09,0
7340264,6.08,5.00,-1.08,0
7350360,6.08,5.00,-1.08,0
7360000,6.08,5.00,-1.08,0
7370080,6.08,5.00,-1.08,0
7380168,6.08,5.00,-1.08,0
7390256,6.08,5.00,-1.08,0
7400336,6.08,5.00,-1.08,0
7410416,6.08,5.00,-1.08,0
7420056,6.08,5.00,-1.08,0
7430152,6.04,5.00,-1.04,0
7440224,6.09,5.00,-1.09,0
7450304,6.08,5.00,-1.08,0
7460392,6.09,5.00,-1.09,0
7470032,6.09,5.00,-1.09,0
7480104,6.08,5.00,-1.08,0
7490184,6.08,5.00,-1.08,0
7500272,6.08,5.00,-1.08,0
7510316,4.55,-5.00,-9.55,-93
7520400,-11.28,-5.00,6.28,77
7530060,-10.88,-5.00,5.88,75
7540172,5.71,-5.00,-10.71,-99
7550292,-10.32,-5.00,5.32,72
7560384,-11.15,-5.00,6.15,76
7570056,2.26,-5.00,-7.26,-82
7580120,-6.70,-5.00,1.70,0
7590108,-11.18,-5.00,6.18,76
7600228,0.29,-5.00,-5.29,-72
7610248,-4.94,-5.00,-0.06,0
7620212,-11.06,-5.00,6.06,76
7630324,0.48,-5.00,-5.48,-73
7640352,-5.73,-5.00,0.73,0
7650356,-10.97,-5.00,5.97,75
7660052,-0.10,-5.00,-4.90,-70
7670088,-6.81,-5.00,1.81,0
7680092,-10.55,-5.00,5.55,73
7690216,0.87,-5.00,-5.87,-75
7700248,-9.48,-5.00,4.48,68
7710280,-6.62,-5.00,1.62,0
7720252,-3.09,-5.00,-1.91,0
7730268,-8.45,-5.00,3.45,63
7740356,-3.00,-5.00,-2.00,-10
7750388,-3.10,-5.00,-1.90,0
7760372,-3.10,-5.00,-1.90,0
7770364,-3.10,-5.00,-1.90,0
7780364,-3.10,-5.00,-1.90,0
7790340,-3.10,-5.00,-1.90,0
7800316,-3.10,-5.00,-1.90,0
7810308,-3.10,-5.00,-1.90,0
7820308,-3.12,-5.00,-1.88,0
7830308,-3.10,-5.00,-1.90,0
7840308,-3.12,-5.00,-1.88,0
7850308,-3.12,-5.00,-1.88,0
7860308,-3.10,-5.00,-1.90,0
7870308,-3.12,-5.00,-1.88,0
7880316,-3.12,-5.00,-1.88,0
7890340,-3.12,-5.00,-1.88,0
7900332,-3.12,-5.00,-1.88,0
7910340,-3.10,-5.00,-1.90,0
7920340,-3.12,-5.00,-1.88,0
7930340,-3.12,-5.00,-1.88,0
7940340,-3.12,-5.00,-1.88,0
7950356,-3.12,-5.00,-1.88,0
7960356,-3.12,-5.00,-1.88,0
7970372,-3.12,-5.00,-1.88,0
7980372,-3.12,-5.00,-1.88,0
7990388,-3.12,-5.00,-1.88,0
8000388,-3.12,-5.00,-1.88,0
8010364,-3.12,-5.00,-1.88,0
8020388,-3.12,-5.00,-1.88,0
8030380,-3.10,-5.00,-1.90,0
8040364,-3.12,-5.00,-1.88,0
8050364,-3.12,-5.00,-1.88,0
8060372,-3.10,-5.00,-1.90,0
8070348,-3.12,-5.00,-1.88,0
8080364,-3.12,-5.00,-1.88,0
8090364,-3.12,-5.00,-1.88,0
8100372,-3.12,-5.00,-1.88,0
8110380,-3.14,-5.00,-1.86,0
8120380,-3.12,-5.00,-1.88,0
8130396,-3.12,-5.00,-1.88,0
8140388,-3.12,-5.00,-1.88,0
8150404,-3.12,-5.00,-1.88,0
8160404,-3.12,-5.00,-1.88,0
8170404,-3.12,-5.00,-1.88,0
8180404,-3.14,-5.00,-1.86,0
8190412,-3.12,-5.00,-1.88,0
8200396,-3.12,-5.00,-1.88,0
8210412,-3.14,-5.00,-1.86,0
8220412,-3.12,-5.00,-1.88,0
8230420,-3.10,-5.00,-1.90,0
8240412,-3.14,-5.00,-1.86,0
8250420,-3.12,-5.00,-1.88,0
8260004,-3.12,-5.00,-1.88,0
8270436,-3.12,-5.00,-1.88,0
8280004,-3.14,-5.00,-1.86,0
8290004,-3.12,-5.00,-1.88,0
8300004,-3.12,-5.00,-1.88,0
8310004,-3.14,-5.00,-1.86,0
8320020,-3.12,-5.00,-1.88,0
8330020,-3.12,-5.00,-1.88,0
8340020,-3.12,-5.00,-1.88,0
8350020,-3.12,-5.00,-1.88,0
8360020,-3.12,-5.00,-1.88,0
8370036,-3.12,-5.00,-1.88,0
8380012,-3.14,-5.00,-1.86,0
8390028,-3.14,-5.00,-1.86,0
8400028,-3.12,-5.00,-1.88,0
8410028,-3.12,-5.00,-1.88,0
8420028,-3.12,-5.00,-1.88,0
8430036,-3.10,-5.00,-1.90,0
8440012,-3.14,-5.00,-1.86,0
8450028,-3.12,-5.00,-1.88,0
8460028,-3.12,-5.00,-1.88,0
8470036,-3.14,-5.00,-1.86,0
8480044,-3.12,-5.00,-1.88,0
8490044,-3.14,-5.00,-1.86,0
8500060,-3.12,-5.00,-1.88,0
8510044,-3.14,-5.00,-1.86,0
8520052,-3.14,-5.00,-1.86,0
8530060,-3.14,-5.00,-1.86,0
8540060,-3.14,-5.00,-1.86,0
8550068,-3.12,-5.00,-1.88,0
8560076,-3.12,-5.00,-1.88,0
8570060,-3.14,-5.00,-1.86,0
8580076,-3.14,-5.00,-1.86,0
8590076,-3.12,-5.00,-1.88,0
8600084,-3.12,-5.00,-1.88,0
8610092,-3.14,-5.00,-1.86,0
8620092,-3.14,-5.00,-1.86,0
8630108,-3.10,-5.00,-1.90,0
8640084,-3.14,-5.00,-1.86,0
8650100,-3.12,-5.00,-1.88,0
8660108,-3.14,-5.00,-1.86,0
8670108,-3.16,-5.00,-1.84,0
8680116,-3.14,-5.00,-1.86,0
8690124,-3.14,-5.00,-1.86,0
8700108,-3.12,-5.00,-1.88,0
8710124,-3.14,-5.00,-1.86,0
8720124,-3.12,-5.00,-1.88,0
8730132,-3.14,-5.00,-1.86,0
8740140,-3.12,-5.00,-1.88,0
8750140,-3.14,-5.00,-1.86,0
8760156,-3.14,-5.00,-1.86,0
8770148,-3.14,-5.00,-1.86,0
8780164,-3.14,-5.00,-1.86,0
8790164,-3.16,-5.00,-1.84,0
8800180,-3.14,-5.00,-1.86,0
8810188,-3.14,-5.00,-1.86,0
8820196,-3.14,-5.00,-1.86,0
8830196,-3.12,-5.00,-1.88,0
8840212,-3.16,-5.00,-1.84,0
8850212,-3.14,-5.00,-1.86,0
8860212,-3.14,-5.00,-1.86,0
8870212,-3.14,-5.00,-1.86,0
8880212,-3.14,-5.00,-1.86,0
8890228,-3.14,-5.00,-1.86,0
8900220,-3.14,-5.00,-1.86,0
8910244,-3.14,-5.00,-1.86,0
8920236,-3.14,-5.00,-1.86,0
8930244,-3.14,-5.00,-1.86,0
8940260,-3.14,-5.00,-1.86,0
8950284,-3.16,-5.00,-1.84,0
8960308,-3.14,-5.00,-1.86,0
8970300,-3.16,-5.00,-1.84,0
8980316,-3.14,-5.00,-1.86,0
8990308,-3.14,-5.00,-1.86,0
9000324,-3.14,-5.00,-1.86,0
9010324,-3.14,-5.00,-1.86,0
9020324,-3.14,-5.00,-1.86,0
9030324,-3.12,-5.00,-1.88,0
9040332,-3.14,-5.00,-1.86,0
9050316,-3.16,-5.00,-1.84,0
9060332,-3.14,-5.00,-1.86,0
9070332,-3.16,-5.00,-1.84,0
9080340,-3.14,-5.00,-1.86,0
9090348,-3.14,-5.00,-1.86,0
9100348,-3.17,-5.00,-1.83,0
9110388,-3.16,-5.00,-1.84,0
9120380,-3.16,-5.00,-1.84,0
9130404,-3.14,-5.00,-1.86,0
9140396,-3.14,-5.00,-1.86,0
9150404,-3.14,-5.00,-1.86,0
9160420,-3.14,-5.00,-1.86,0
9170004,-3.16,-5.00,-1.84,0
9180020,-3.14,-5.00,-1.86,0
9190012,-3.14,-5.00,-1.86,0
9200036,-3.16,-5.00,-1.84,0
9210028,-3.14,-5.00,-1.86,0
9220036,-3.16,-5.00,-1.84,0
9230052,-3.10,-5.00,-1.90,0
9240036,-3.16,-5.00,-1.84,0
9250044,-3.16,-5.00,-1.84,0
9260052,-3.14,-5.00,-1.86,0
9270052,-3.14,-5.00,-1.86,0
9280068,-3.16,-5.00,-1.84,0
9290068,-3.16,-5.00,-1.84,0
9300084,-3.16,-5.00,-1.84,0
9310084,-3.16,-5.00,-1.84,0
9320084,-3.14,-5.00,-1.86,0
9330108,-3.14,-5.00,-1.86,0
9340092,-3.16,-5.00,-1.84,0
9350124,-3.16,-5.00,-1.84,0
9360124,-3.14,-5.00,-1.86,0
9370132,-3.14,-5.00,-1.86,0
9380140,-3.16,-5.00,-1.84,0
9390140,-3.16,-5.00,-1.84,0
9400180,-3.16,-5.00,-1.84,0
9410172,-3.14,-5.00,-1.86,0
9420196,-3.16,-5.00,-1.84,0
9430196,-3.12,-5.00,-1.88,0
9440204,-3.16,-5.00,-1.84,0
9450212,-3.16,-5.00,-1.84,0
9460236,-3.14,-5.00,-1.86,0
9470252,-3.14,-5.00,-1.86,0
9480252,-3.14,-5.00,-1.86,0
9490268,-3.16,-5.00,-1.84,0
9500260,-3.16,-5.00,-1.84,0
9510284,-3.16,-5.00,-1.84,0
9520300,-3.14,-5.00,-1.86,0
9530308,-3.16,-5.00,-1.84,0
9540324,-3.14,-5.00,-1.86,0
9550348,-3.16,-5.00,-1.84,0
9560364,-3.16,-5.00,-1.84,0
9570388,-3.16,-5.00,-1.84,0
9580412,-3.16,-5.00,-1.84,0
9590404,-3.14,-5.00,-1.86,0
9600428,-3.16,-5.00,-1.84,0
9610412,-3.16,-5.00,-1.84,0
9620420,-3.16,-5.00,-1.84,0
9630436,-3.14,-5.00,-1.86,0
9640020,-3.16,-5.00,-1.84,0
9650036,-3.16,-5.00,-1.84,0
9660028,-3.16,-5.00,-1.84,0
9670060,-3.16,-5.00,-1.84,0
9680060,-3.14,-5.00,-1.86,0
9690084,-3.16,-5.00,-1.84,0
9700084,-3.16,-5.00,-1.84,0
9710124,-3.16,-5.00,-1.84,0
9720132,-3.16,-5.00,-1.84,0
9730164,-3.14,-5.00,-1.86,0
9740164,-3.16,-5.00,-1.84,0
9750164,-3.16,-5.00,-1.84,0
9760188,-3.16,-5.00,-1.84,0
9770172,-3.16,-5.00,-1.84,0
9780204,-3.16,-5.00,-1.84,0
9790204,-3.16,-5.00,-1.84,0
9800212,-3.16,-5.00,-1.84,0
9810220,-3.16,-5.00,-1.84,0
9820244,-3.16,-5.00,-1.84,0
9830268,-3.12,-5.00,-1.88,0
9840252,-3.14,-5.00,-1.86,0
9850276,-3.16,-5.00,-1.84,0
9860268,-3.16,-5.00,-1.84,0
9870276,-3.16,-5.00,-1.84,0
9880292,-3.14,-5.00,-1.86,0
9890316,-3.16,-5.00,-1.84,0
9900332,-3.16,-5.00,-1.84,0
9910356,-3.16,-5.00,-1.84,0
9920380,-3.16,-5.00,-1.84,0
9930372,-3.16,-5.00,-1.84,0
9940396,-3.16,-5.00,-1.84,0
9950396,-3.16,-5.00,-1.84,0
9960428,-3.16,-5.00,-1.84,0
9970428,-3.16,-5.00,-1.84,0
9980436,-3.16,-5.00,-1.84,0
9990020,-3.16,-5.00,-1.84,0
10000020,-3.16,5.00,8.16,86
10010064,6.16,5.00,-1.16,0
10020120,6.56,5.00,-1.56,0
10030136,-0.67,5.00,5.67,74
10040208,8.26,5.00,-3.26,-62
10050312,1.20,5.00,3.80,65
10060360,4.96,5.00,0.04,0
10070416,6.79,5.00,-1.79,0
10080000,6.77,5.00,-1.77,0
10090040,6.79,5.00,-1.79,0
10100064,6.76,5.00,-1.76,0
10110104,6.76,5.00,-1.76,0
10120144,6.76,5.00,-1.76,0
10130176,6.76,5.00,-1.76,0
10140216,6.76,5.00,-1.76,0
10150272,6.74,5.00,-1.74,0
10160312,6.74,5.00,-1.74,0
10170380,6.74,5.00,-1.74,0
10180424,6.72,5.00,-1.72,0
10190008,6.74,5.00,-1.74,0
10200100,6.74,5.00,-1.74,0
10210184,6.72,5.00,-1.72,0
10220272,6.74,5.00,-1.74,0
10230320,6.69,5.00,-1.69,0
10240344,6.74,5.00,-1.74,0
10250380,6.74,5.00,-1.74,0
10260408,6.72,5.00,-1.72,0
10270008,6.72,5.00,-1.72,0
10280052,6.72,5.00,-1.72,0
10290088,6.72,5.00,-1.72,0
10300120,6.72,5.00,-1.72,0
10310160,6.72,5.00,-1.72,0
10320192,6.72,5.00,-1.72,0
10330236,6.72,5.00,-1.72,0
10340272,6.72,5.00,-1.72,0
10350312,6.70,5.00,-1.70,0
10360344,6.72,5.00,-1.72,0
10370376,6.70,5.00,-1.70,0
10380404,6.70,5.00,-1.70,0
10390424,6.70,5.00,-1.70,0
10400008,6.70,5.00,-1.70,0
10410028,6.69,5.00,-1.69,0
10420088,6.70,5.00,-1.70,0
10430088,6.67,5.00,-1.67,0
10440136,6.70,5.00,-1.70,0
10450152,6.70,5.00,-1.70,0
10460180,6.70,5.00,-1.70,0
10470208,6.70,5.00,-1.70,0
10480232,6.69,5.00,-1.69,0
10490280,6.69,5.00,-1.69,0
10500296,6.70,5.00,-1.70,0
10510340,6.70,5.00,-1.70,0
10520360,6.70,5.00,-1.70,0
10530376,6.69,5.00,-1.69,0
10540408,6.70,5.00,-1.70,0
10550432,6.69,5.00,-1.69,0
10560024,6.69,5.00,-1.69,0
10570048,6.69,5.00,-1.69,0
10580084,6.69,5.00,-1.69,0
10590112,6.69,5.00,-1.69,0
10600144,6.69,5.00,-1.69,0
10610168,6.70,5.00,-1.70,0
10620208,6.69,5.00,-1.69,0
10630236,6.67,5.00,-1.67,0
10640272,6.70,5.00,-1.70,0
10650296,6.67,5.00,-1.67,0
10660328,6.69,5.00,-1.69,0
10670360,6.69,5.00,-1.69,0
10680380,6.69,5.00,-1.69,0
10690424,6.69,5.00,-1.69,0
10700008,6.67,5.00,-1.67,0
10710044,6.67,5.00,-1.67,0
10720096,6.67,5.00,-1.67,0
10730112,6.65,5.00,-1.65,0
10740160,6.67,5.00,-1.67,0
10750208,6.67,5.00,-1.67,0
10760244,6.69,5.00,-1.69,0
10770288,6.67,5.00,-1.67,0
10780312,6.69,5.00,-1.69,0
10790352,6.69,5.00,-1.69,0
10800392,6.67,5.00,-1.67,0
10810420,6.67,5.00,-1.67,0
10820032,6.67,5.00,-1.67,0
10830056,6.63,5.00,-1.63,0
10840092,6.67,5.00,-1.67,0
10850144,6.67,5.00,-1.67,0
10860168,6.67,5.00,-1.67,0
10870216,6.67,5.00,-1.67,0
10880264,6.67,5.00,-1.67,0
10890292,6.67,5.00,-1.67,0
10900336,6.67,5.00,-1.67,0
10910360,6.67,5.00,-1.67,0
10920400,6.67,5.00,-1.67,0
10930432,6.69,5.00,-1.69,0
10940024,6.67,5.00,-1.67,0
10950080,6.67,5.00,-1.67,0
10960128,6.67,5.00,-1.67,0
10970156,6.67,5.00,-1.67,0
10980216,6.67,5.00,-1.67,0
10990240,6.67,5.00,-1.67,0
11000280,6.67,5.00,-1.67,0
11010328,6.67,5.00,-1.67,0
11020356,6.67,5.00,-1.67,0
11030400,6.63,5.00,-1.63,0
11040000,6.67,5.00,-1.67,0
11050028,6.67,5.00,-1.67,0
11060080,6.67,5.00,-1.67,0
11070104,6.67,5.00,-1.67,0
11080144,6.65,5.00,-1.65,0
11090184,6.67,5.00,-1.67,0
11100212,6.67,5.00,-1.67,0
11110264,6.67,5.00,-1.67,0
11120288,6.67,5.00,-1.67,0
11130328,6.67,5.00,-1.67,0
11140376,6.67,5.00,-1.67,0
11150404,6.67,5.00,-1.67,0
11160008,6.67,5.00,-1.67,0
11170048,6.67,5.00,-1.67,0
11180088,6.67,5.00,-1.67,0
11190136,6.65,5.00,-1.65,0
11200168,6.65,5.00,-1.65,0
11210192,6.67,5.00,-1.67,0
11220232,6.67,5.00,-1.67,0
11230260,6.63,5.00,-1.63,0
11240312,6.67,5.00,-1.67,0
11250336,6.67,5.00,-1.67,0
11260368,6.67,5.00,-1.67,0
11270408,6.67,5.00,-1.67,0
11280000,6.65,5.00,-1.65,0
11290048,6.67,5.00,-1.67,0
11300072,6.67,5.00,-1.67,0
11310108,6.65,5.00,-1.65,0
11320168,6.65,5.00,-1.65,0
11330192,6.65,5.00,-1.65,0
11340248,6.67,5.00,-1.67,0
11350296,6.65,5.00,-1.65,0
11360328,6.65,5.00,-1.65,0
11370368,6.65,5.00,-1.65,0
11380408,6.65,5.00,-1.65,0
11390440,6.65,5.00,-1.65,0
11400040,6.67,5.00,-1.67,0
11410056,6.65,5.00,-1.65,0
11420104,6.67,5.00,-1.67,0
11430152,6.62,5.00,-1.62,0
11440212,6.67,5.00,-1.67,0
11450248,6.67,5.00,-1.67,0
11460280,6.65,5.00,-1.65,0
11470312,6.65,5.00,-1.65,0
11480368,6.65,5.00,-1.65,0
11490412,6.65,5.00,-1.65,0
11500080,6.65,5.00,-1.65,0
11510152,6.65,5.00,-1.65,0
11520232,6.67,5.00,-1.67,0
11530268,6.65,5.00,-1.65,0
11540320,6.65,5.00,-1.65,0
11550336,6.65,5.00,-1.65,0
11560384,6.65,5.00,-1.65,0
11570424,6.65,5.00,-1.65,0
11580016,6.65,5.00,-1.65,0
11590064,6.67,5.00,-1.67,0
11600096,6.65,5.00,-1.65,0
11610132,6.65,5.00,-1.65,0
11620192,6.63,5.00,-1.63,0
11630224,6.60,5.00,-1.60,0
11640288,6.65,5.00,-1.65,0
11650328,6.65,5.00,-1.65,0
11660356,6.65,5.00,-1.65,0
11670400,6.65,5.00,-1.65,0
11680432,6.65,5.00,-1.65,0
11690012,6.63,5.00,-1.63,0
11700064,6.65,5.00,-1.65,0
11710080,6.65,5.00,-1.65,0
11720128,6.65,5.00,-1.65,0
11730176,6.63,5.00,-1.63,0
11740212,6.65,5.00,-1.65,0
11750280,6.63,5.00,-1.63,0
11760344,6.65,5.00,-1.65,0
11770392,6.63,5.00,-1.63,0
11780008,6.63,5.00,-1.63,0
11790056,6.63,5.00,-1.63,0
11800088,6.65,5.00,-1.65,0
11810112,6.65,5.00,-1.65,0
11820156,6.63,5.00,-1.63,0
11830208,6.60,5.00,-1.60,0
11840280,6.63,5.00,-1.63,0
11850312,6.63,5.00,-1.63,0
11860360,6.62,5.00,-1.62,0
11870384,6.63,5.00,-1.63,0
11880432,6.63,5.00,-1.63,0
11890032,6.63,5.00,-1.63,0
11900072,6.63,5.00,-1.63,0
11910120,6.65,5.00,-1.65,0
11920152,6.63,5.00,-1.63,0
11930184,6.63,5.00,-1.63,0
11940232,6.63,5.00,-1.63,0
11950256,6.63,5.00,-1.63,0
11960304,6.63,5.00,-1.63,0
11970344,6.63,5.00,-1.63,0
11980376,6.63,5.00,-1.63,0
11990440,6.63,5.00,-1.63,0
12000048,6.65,5.00,-1.65,0
12010072,6.63,5.00,-1.63,0
12020112,6.63,5.00,-1.63,0
12030136,6.60,5.00,-1.60,0
12040204,6.63,5.00,-1.63,0
12050248,6.63,5.00,-1.63,0
12060272,6.65,5.00,-1.65,0
12070320,6.63,5.00,-1.63,0
12080352,6.65,5.00,-1.65,0
12090388,6.63,5.00,-1.63,0
12100008,6.63,5.00,-1.63,0
12110032,6.62,5.00,-1.62,0
12120084,6.63,5.00,-1.63,0
12130144,6.63,5.00,-1.63,0
12140160,6.63,5.00,-1.63,0
12150208,6.63,5.00,-1.63,0
12160256,6.63,5.00,-1.63,0
12170292,6.63,5.00,-1.63,0
12180344,6.63,5.00,-1.63,0
12190368,6.63,5.00,-1.63,0
12200408,6.63,5.00,-1.63,0
12210016,6.65,5.00,-1.65,0
12220032,6.63,5.00,-1.63,0
12230112,6.60,5.00,-1.60,0
12240152,6.63,5.00,-1.63,0
12250180,6.63,5.00,-1.63,0
12260224,6.63,5.00,-1.63,0
12270256,6.63,5.00,-1.63,0
12280296,6.62,5.00,-1.62,0
12290352,6.63,5.00,-1.63,0
12300404,6.63,5.00,-1.63,0
12310000,6.63,5.00,-1.63,0
12320048,6.63,5.00,-1.63,0
12330076,6.63,5.00,-1.63,0
12340112,6.65,5.00,-1.65,0
12350144,6.63,5.00,-1.63,0
12360184,6.63,5.00,-1.63,0
12370224,6.63,5.00,-1.63,0
12380276,6.62,5.00,-1.62,0
12390312,6.63,5.00,-1.63,0
12400360,6.63,5.00,-1.63,0
12410392,6.63,5.00,-1.63,0
12420424,6.63,5.00,-1.63,0
12430080,6.60,5.00,-1.60,0
12440176,6.63,5.00,-1.63,0
12450240,6.63,5.00,-1.63,0
12460280,6.63,5.00,-1.63,0
12470316,6.63,5.00,-1.63,0
12480376,6.62,5.00,-1.62,0
12490400,6.62,5.00,-1.62,0
12500440,6.62,5.00,-1.62,0
12510044,5.62,-5.00,-10.62,-99
12520200,-11.20,-5.00,6.20,76
12530300,-10.60,-5.00,5.60,74
12540428,0.29,-5.00,-5.29,-72
12550096,-10.03,-5.00,5.03,71
12560268,-2.98,-5.00,-2.02,-10
12570352,-4.13,-5.00,-0.87,0
12580408,-9.45,-5.00,4.45,68
12590088,-1.30,-5.00,-3.70,-64
12600228,-8.49,-5.00,3.49,63
12610356,-3.92,-5.00,-1.08,0
12620392,-4.82,-5.00,-0.18,0
12630104,-6.79,-5.00,1.79,0
12640264,-6.86,-5.00,1.86,0
12650352,-6.86,-5.00,1.86,0
12660408,-6.86,-5.00,1.86,0
12670112,-6.86,-5.00,1.86,0
12680176,-6.86,-5.00,1.86,0
12690224,-6.86,-5.00,1.86,0
12700264,-6.86,-5.00,1.86,0
12710336,-6.86,-5.00,1.86,0
12720408,-6.86,-5.00,1.86,0
12730440,-6.86,-5.00,1.86,0
12740048,-6.86,-5.00,1.86,0
12750120,-6.88,-5.00,1.88,0
12760200,-6.86,-5.00,1.86,0
12770280,-6.86,-5.00,1.86,0
12780424,-6.86,-5.00,1.86,0
12790072,-6.88,-5.00,1.88,0
12800160,-6.86,-5.00,1.86,0
12810224,-6.86,-5.00,1.86,0
12820272,-6.86,-5.00,1.86,0
12830296,-6.83,-5.00,1.83,0
12840400,-6.88,-5.00,1.88,0
12850016,-6.86,-5.00,1.86,0
12860032,-6.86,-5.00,1.86,0
12870088,-6.88,-5.00,1.88,0
12880136,-6.86,-5.00,1.86,0
12890172,-6.86,-5.00,1.86,0
12900224,-6.86,-5.00,1.86,0
12910264,-6.86,-5.00,1.86,0
12920312,-6.86,-5.00,1.86,0
12930360,-6.86,-5.00,1.86,0
12940404,-6.88,-5.00,1.88,0
12950008,-6.86,-5.00,1.86,0
12960064,-6.86,-5.00,1.86,0
12970108,-6.86,-5.00,1.86,0
12980152,-6.86,-5.00,1.86,0
12990200,-6.88,-5.00,1.88,0
13000264,-6.86,-5.00,1.86,0
13010328,-6.86,-5.00,1.86,0
13020352,-6.88,-5.00,1.88,0
13030436,-6.83,-5.00,1.83,0
13040104,-6.88,-5.00,1.88,0
13050160,-6.86,-5.00,1.86,0
13060228,-6.86,-5.00,1.86,0
13070280,-6.88,-5.00,1.88,0
13080376,-6.86,-5.00,1.86,0
13090432,-6.88,-5.00,1.88,0
13100108,-6.86,-5.00,1.86,0
13110232,-6.88,-5.00,1.88,0
13120376,-6.88,-5.00,1.88,0
13130400,-6.88,-5.00,1.88,0
13140004,-6.88,-5.00,1.88,0
13150072,-6.88,-5.00,1.88,0
13160096,-6.90,-5.00,1.90,0
13170128,-6.88,-5.00,1.88,0
13180168,-6.86,-5.00,1.86,0
13190204,-6.90,-5.00,1.90,0
13200264,-6.88,-5.00,1.88,0
13210296,-6.90,-5.00,1.90,0
13220328,-6.88,-5.00,1.88,0
13230432,-6.83,-5.00,1.83,0
13240040,-6.88,-5.00,1.88,0
13250072,-6.90,-5.00,1.90,0
13260160,-6.90,-5.00,1.90,0
13270224,-6.90,-5.00,1.90,0
13280324,-6.90,-5.00,1.90,0
13290368,-6.88,-5.00,1.88,0
13300408,-6.90,-5.00,1.90,0
13310028,-6.90,-5.00,1.90,0
13320120,-6.90,-5.00,1.90,0
13330192,-6.90,-5.00,1.90,0
13340280,-6.90,-5.00,1.90,0
13350336,-6.90,-5.00,1.90,0
13360392,-6.90,-5.00,1.90,0
13370428,-6.90,-5.00,1.90,0
13380048,-6.90,-5.00,1.90,0
13390120,-6.90,-5.00,1.90,0
13400208,-6.90,-5.00,1.90,0
13410272,-6.90,-5.00,1.90,0
13420360,-6.90,-5.00,1.90,0
13430424,-6.86,-5.00,1.86,0
13440088,-6.90,-5.00,1.90,0
13450120,-6.90,-5.00,1.90,0
13460152,-6.90,-5.00,1.90,0
13470184,-6.90,-5.00,1.90,0
13480232,-6.90,-5.00,1.90,0
13490260,-6.90,-5.00,1.90,0
13500336,-6.90,-5.00,1.90,0
13510408,-6.88,-5.00,1.88,0
13520032,-6.90,-5.00,1.90,0
13530104,-6.90,-5.00,1.90,0
13540184,-6.90,-5.00,1.90,0
13550248,-6.90,-5.00,1.90,0
13560384,-6.90,-5.00,1.90,0
13570008,-6.90,-5.00,1.90,0
13580032,-6.90,-5.00,1.90,0
13590064,-6.90,-5.00,1.90,0
13600088,-6.91,-5.00,1.91,0
13610136,-6.90,-5.00,1.90,0
13620176,-6.90,-5.00,1.90,0
13630200,-6.86,-5.00,1.86,0
13640240,-6.91,-5.00,1.91,0
13650288,-6.90,-5.00,1.90,0
13660320,-6.90,-5.00,1.90,0
13670376,-6.90,-5.00,1.90,0
13680424,-6.90,-5.00,1.90,0
13690008,-6.90,-5.00,1.90,0
13700048,-6.90,-5.00,1.90,0
13710072,-6.91,-5.00,1.91,0
13720136,-6.93,-5.00,1.93,0
13730192,-6.90,-5.00,1.90,0
13740208,-6.90,-5.00,1.90,0
13750280,-6.90,-5.00,1.90,0
13760352,-6.91,-5.00,1.91,0
13770392,-6.91,-5.00,1.91,0
13780440,-6.91,-5.00,1.91,0
13790040,-6.90,-5.00,1.90,0
13800056,-6.91,-5.00,1.91,0
13810112,-6.90,-5.00,1.90,0
13820136,-6.91,-5.00,1.91,0
13830200,-6.86,-5.00,1.86,0
13840272,-6.91,-5.00,1.91,0
13850320,-6.90,-5.00,1.90,0
13860352,-6.90,-5.00,1.90,0
13870384,-6.90,-5.00,1.90,0
13880428,-6.91,-5.00,1.91,0
13890032,-6.93,-5.00,1.93,0
13900176,-6.91,-5.00,1.91,0
13910216,-6.93,-5.00,1.93,0
13920316,-6.91,-5.00,1.91,0
13930376,-6.90,-5.00,1.90,0
13940400,-6.91,-5.00,1.91,0
13950020,-6.93,-5.00,1.93,0
13960112,-6.91,-5.00,1.91,0
13970168,-6.91,-5.00,1.91,0
13980280,-6.93,-5.00,1.93,0
13990384,-6.91,-5.00,1.91,0
14000104,-6.93,-5.00,1.93,0
14010200,-6.93,-5.00,1.93,0
14020248,-6.91,-5.00,1.91,0
14030296,-6.86,-5.00,1.86,0
14040352,-6.93,-5.00,1.93,0
14050388,-6.93,-5.00,1.93,0
14060072,-6.93,-5.00,1.93,0
14070208,-6.93,-5.00,1.93,0
14080320,-6.91,-5.00,1.91,0
14090380,-6.93,-5.00,1.93,0
14100432,-6.93,-5.00,1.93,0
14110032,-6.93,-5.00,1.93,0
14120080,-6.93,-5.00,1.93,0
14130128,-6.93,-5.00,1.93,0
14140168,-6.93,-5.00,1.93,0
14150216,-6.91,-5.00,1.91,0
14160304,-6.93,-5.00,1.93,0
14170336,-6.93,-5.00,1.93,0
14180388,-6.93,-5.00,1.93,0
14190016,-6.91,-5.00,1.91,0
14200096,-6.93,-5.00,1.93,0
14210164,-6.93,-5.00,1.93,0
14220240,-6.93,-5.00,1.93,0
14230360,-6.86,-5.00,1.86,0
14240424,-6.95,-5.00,1.95,0
14250028,-6.93,-5.00,1.93,0
14260088,-6.93,-5.00,1.93,0
14270112,-6.93,-5.00,1.93,0
14280216,-6.93,-5.00,1.93,0
14290272,-6.93,-5.00,1.93,0
14300312,-6.93,-5.00,1.93,0
14310392,-6.93,-5.00,1.93,0
14320112,-6.93,-5.00,1.93,0
14330176,-6.93,-5.00,1.93,0
14340296,-6.93,-5.00,1.93,0
14350364,-6.93,-5.00,1.93,0
14360016,-6.93,-5.00,1.93,0
14370104,-6.93,-5.00,1.93,0
14380208,-6.93,-5.00,1.93,0
14390336,-6.93,-5.00,1.93,0
14400048,-6.93,-5.00,1.93,0
14410104,-6.93,-5.00,1.93,0
14420184,-6.93,-5.00,1.93,0
14430284,-6.88,-5.00,1.88,0
14440392,-6.95,-5.00,1.95,0
14450080,-6.93,-5.00,1.93,0
14460176,-6.93,-5.00,1.93,0
14470204,-6.93,-5.00,1.93,0
14480272,-6.93,-5.00,1.93,0
14490304,-6.93,-5.00,1.93,0
14500368,-6.93,-5.00,1.93,0
14510416,-6.93,-5.00,1.93,0
14520016,-6.93,-5.00,1.93,0
14530080,-6.93,-5.00,1.93,0
14540208,-6.93,-5.00,1.93,0
14550296,-6.93,-5.00,1.93,0
14560432,-6.93,-5.00,1.93,0
14570056,-6.93,-5.00,1.93,0
14580112,-6.93,-5.00,1.93,0
14590152,-6.93,-5.00,1.93,0
14600264,-6.93,-5.00,1.93,0
14610328,-6.93,-5.00,1.93,0
14620032,-6.93,-5.00,1.93,0
14630112,-6.88,-5.00,1.88,0
14640240,-6.95,-5.00,1.95,0
14650312,-6.93,-5.00,1.93,0
14660016,-6.93,-5.00,1.93,0
14670152,-6.93,-5.00,1.93,0
14680296,-6.93,-5.00,1.93,0
14690356,-6.93,-5.00,1.93,0
14700024,-6.93,-5.00,1.93,0
14710144,-6.93,-5.00,1.93,0
14720296,-6.93,-5.00,1.93,0
14730356,-6.93,-5.00,1.93,0
14740400,-6.93,-5.00,1.93,0
14750016,-6.93,-5.00,1.93,0
14760104,-6.93,-5.00,1.93,0
14770160,-6.93,-5.00,1.93,0
14780296,-6.93,-5.00,1.93,0
14790416,-6.93,-5.00,1.93,0
14800056,-6.93,-5.00,1.93,0
14810116,-6.93,-5.00,1.93,0
14820216,-6.93,-5.00,1.93,0
14830312,-6.90,-5.00,1.90,0
14840400,-6.93,-5.00,1.93,0
14850068,-6.93,-5.00,1.93,0
14860224,-6.93,-5.00,1.93,0
14870376,-6.93,-5.00,1.93,0
14880080,-6.93,-5.00,1.93,0
14890208,-6.93,-5.00,1.93,0
14900356,-6.93,-5.00,1.93,0
14910416,-6.93,-5.00,1.93,0
14920032,-6.93,-5.00,1.93,0
14930088,-6.93,-5.00,1.93,0
14940176,-6.93,-5.00,1.93,0
14950320,-6.93,-5.00,1.93,0
14960032,-6.93,-5.00,1.93,0
14970088,-6.93,-5.00,1.93,0
14980208,-6.93,-5.00,1.93,0
14990348,-6.91,-5.00,1.91,0
15000064,-6.93,5.00,11.93,105
15010260,8.05,5.00,-3.05,-61
15020336,8.68,5.00,-3.68,-64
15030428,-6.37,5.00,11.37,102
15040180,8.07,5.00,-3.07,-61
15050260,8.37,5.00,-3.37,-62
15060340,-6.27,5.00,11.27,102
15070084,8.31,5.00,-3.31,-62
15080172,8.02,5.00,-3.02,-61
15090236,-6.11,5.00,11.11,101
15100420,8.87,5.00,-3.87,-65
15110072,6.70,5.00,-1.70,0
15120088,-4.38,5.00,9.38,92
15130180,9.48,5.00,-4.48,-68
15140288,4.26,5.00,0.74,0
15150284,-4.52,5.00,9.52,93
15160404,9.92,5.00,-4.92,-70
15170064,4.24,5.00,0.76,0
15180072,-4.89,5.00,9.89,95
15190176,9.96,5.00,-4.96,-70
15200296,3.70,5.00,1.30,0
15210300,-5.60,5.00,10.60,99
15220000,10.10,5.00,-5.10,-71
15230136,5.90,5.00,-0.90,0
15240148,-2.91,5.00,7.91,85
15250264,8.85,5.00,-3.85,-65
15260364,0.52,5.00,4.48,68
15270420,4.29,5.00,0.71,0
15280032,5.76,5.00,-0.76,0
15290068,2.54,5.00,2.46,58
15300212,5.52,5.00,-0.52,0
15310380,5.52,5.00,-0.52,0
15320088,5.52,5.00,-0.52,0
15330268,5.52,5.00,-0.52,0
15340004,5.52,5.00,-0.52,0
15350180,5.52,5.00,-0.52,0
15360348,5.52,5.00,-0.52,0
15370024,5.52,5.00,-0.52,0
15380164,5.52,5.00,-0.52,0
15390304,5.52,5.00,-0.52,0
15400008,5.52,5.00,-0.52,0
15410144,5.52,5.00,-0.52,0
15420304,5.52,5.00,-0.52,0
15430008,5.48,5.00,-0.48,0
15440144,5.52,5.00,-0.52,0
15450280,5.52,5.00,-0.52,0
15460424,5.52,5.00,-0.52,0
15470112,5.52,5.00,-0.52,0
15480260,5.52,5.00,-0.52,0
15490392,5.52,5.00,-0.52,0
15500100,5.52,5.00,-0.52,0
15510240,5.52,5.00,-0.52,0
15520372,5.52,5.00,-0.52,0
15530072,5.52,5.00,-0.52,0
15540208,5.52,5.00,-0.52,0
15550352,5.52,5.00,-0.52,0
15560056,5.52,5.00,-0.52,0
15570192,5.52,5.00,-0.52,0
15580328,5.52,5.00,-0.52,0
15590024,5.52,5.00,-0.52,0
15600180,5.52,5.00,-0.52,0
15610324,5.52,5.00,-0.52,0
15620020,5.52,5.00,-0.52,0
15630168,5.48,5.00,-0.48,0
15640300,5.50,5.00,-0.50,0
15650444,5.52,5.00,-0.52,0
15660168,5.52,5.00,-0.52,0
15670344,5.52,5.00,-0.52,0
15680032,5.52,5.00,-0.52,0
15690176,5.52,5.00,-0.52,0
15700312,5.52,5.00,-0.52,0
15710000,5.52,5.00,-0.52,0
15720156,5.52,5.00,-0.52,0
15730288,5.52,5.00,-0.52,0
15740436,5.52,5.00,-0.52,0
15750132,5.52,5.00,-0.52,0
15760308,5.52,5.00,-0.52,0
15770016,5.50,5.00,-0.50,0
15780176,5.52,5.00,-0.52,0
15790336,5.52,5.00,-0.52,0
15800060,5.52,5.00,-0.52,0
15810196,5.50,5.00,-0.50,0
15820348,5.52,5.00,-0.52,0
15830056,5.48,5.00,-0.48,0
15840196,5.50,5.00,-0.50,0
15850328,5.52,5.00,-0.52,0
15860032,5.52,5.00,-0.52,0
15870212,5.52,5.00,-0.52,0
15880404,5.52,5.00,-0.52,0
15890120,5.52,5.00,-0.52,0
15900268,5.50,5.00,-0.50,0
15910404,5.52,5.00,-0.52,0
15920112,5.52,5.00,-0.52,0
15930256,5.52,5.00,-0.52,0
15940396,5.52,5.00,-0.52,0
15950080,5.52,5.00,-0.52,0
15960252,5.50,5.00,-0.50,0
15970400,5.52,5.00,-0.52,0
15980116,5.52,5.00,-0.52,0
15990276,5.52,5.00,-0.52,0
16000444,5.52,5.00,-0.52,0
16010120,5.52,5.00,-0.52,0
16020240,5.52,5.00,-0.52,0
16030368,5.48,5.00,-0.48,0
16040072,5.50,5.00,-0.50,0
16050208,5.50,5.00,-0.50,0
16060344,5.52,5.00,-0.52,0
16070048,5.52,5.00,-0.52,0
16080212,5.52,5.00,-0.52,0
16090344,5.52,5.00,-0.52,0
16100064,5.52,5.00,-0.52,0
16110224,5.52,5.00,-0.52,0
16120372,5.52,5.00,-0.52,0
16130072,5.52,5.00,-0.52,0
16140244,5.52,5.00,-0.52,0
16150420,5.52,5.00,-0.52,0
16160140,5.52,5.00,-0.52,0
16170272,5.52,5.00,-0.52,0
16180424,5.52,5.00,-0.52,0
16190144,5.52,5.00,-0.52,0
16200308,5.52,5.00,-0.52,0
16210016,5.52,5.00,-0.52,0
16220184,5.52,5.00,-0.52,0
16230352,5.48,5.00,-0.48,0
16240048,5.50,5.00,-0.50,0
16250192,5.52,5.00,-0.52,0
16260360,5.48,5.00,-0.48,0
16270076,5.52,5.00,-0.52,0
16280228,5.52,5.00,-0.52,0
16290388,5.52,5.00,-0.52,0
16300104,5.52,5.00,-0.52,0
16310288,5.52,5.00,-0.52,0
16320024,5.52,5.00,-0.52,0
16330196,5.50,5.00,-0.50,0
16340348,5.52,5.00,-0.52,0
16350036,5.52,5.00,-0.52,0
16360204,5.50,5.00,-0.50,0
16370324,5.52,5.00,-0.52,0
16380040,5.52,5.00,-0.52,0
16390232,5.52,5.00,-0.52,0
16400416,5.52,5.00,-0.52,0
16410112,5.52,5.00,-0.52,0
16420292,5.52,5.00,-0.52,0
16430432,5.48,5.00,-0.48,0
16440120,5.50,5.00,-0.50,0
16450264,5.52,5.00,-0.52,0
16460436,5.52,5.00,-0.52,0
16470152,5.52,5.00,-0.52,0
16480328,5.52,5.00,-0.52,0
16490052,5.52,5.00,-0.52,0
16500220,5.50,5.00,-0.50,0
16510364,5.52,5.00,-0.52,0
16520076,5.50,5.00,-0.50,0
16530224,5.52,5.00,-0.52,0
16540388,5.52,5.00,-0.52,0
16550084,5.52,5.00,-0.52,0
16560264,5.52,5.00,-0.52,0
16570432,5.52,5.00,-0.52,0
16580140,5.52,5.00,-0.52,0
16590308,5.52,5.00,-0.52,0
16600028,5.50,5.00,-0.50,0
16610188,5.52,5.00,-0.52,0
16620340,5.52,5.00,-0.52,0
16630032,5.48,5.00,-0.48,0
16640188,5.50,5.00,-0.50,0
16650336,5.52,5.00,-0.52,0
16660044,5.52,5.00,-0.52,0
16670204,5.52,5.00,-0.52,0
16680360,5.52,5.00,-0.52,0
16690060,5.52,5.00,-0.52,0
16700228,5.52,5.00,-0.52,0
16710388,5.50,5.00,-0.50,0
16720092,5.50,5.00,-0.50,0
16730232,5.52,5.00,-0.52,0
16740400,5.50,5.00,-0.50,0
16750108,5.50,5.00,-0.50,0
16760264,5.52,5.00,-0.52,0
16770432,5.52,5.00,-0.52,0
16780156,5.50,5.00,-0.50,0
16790284,5.52,5.00,-0.52,0
16800420,5.52,5.00,-0.52,0
16810120,5.52,5.00,-0.52,0
16820264,5.52,5.00,-0.52,0
16830400,5.48,5.00,-0.48,0
16840088,5.50,5.00,-0.50,0
16850216,5.52,5.00,-0.52,0
16860376,5.52,5.00,-0.52,0
16870084,5.52,5.00,-0.52,0
16880252,5.50,5.00,-0.50,0
16890404,5.52,5.00,-0.52,0
16900112,5.52,5.00,-0.52,0
16910252,5.50,5.00,-0.50,0
16920396,5.52,5.00,-0.52,0
16930104,5.52,5.00,-0.52,0
16940260,5.52,5.00,-0.52,0
16950416,5.52,5.00,-0.52,0
16960156,5.48,5.00,-0.48,0
16970292,5.52,5.00,-0.52,0
16980000,5.50,5.00,-0.50,0
16990132,5.52,5.00,-0.52,0
17000324,5.52,5.00,-0.52,0
17010016,5.52,5.00,-0.52,0
17020164,5.52,5.00,-0.52,0
17030320,5.48,5.00,-0.48,0
17040008,5.52,5.00,-0.52,0
17050180,5.52,5.00,-0.52,0
17060340,5.52,5.00,-0.52,0
17070044,5.52,5.00,-0.52,0
17080212,5.52,5.00,-0.52,0
17090372,5.52,5.00,-0.52,0
17100068,5.52,5.00,-0.52,0
17110228,5.50,5.00,-0.50,0
17120392,5.52,5.00,-0.52,0
17130104,5.50,5.00,-0.50,0
17140252,5.52,5.00,-0.52,0
17150428,5.52,5.00,-0.52,0
17160136,5.52,5.00,-0.52,0
17170316,5.52,5.00,-0.52,0
17180028,5.52,5.00,-0.52,0
17190188,5.52,5.00,-0.52,0
17200332,5.52,5.00,-0.52,0
17210052,5.52,5.00,-0.52,0
17220212,5.52,5.00,-0.52,0
17230352,5.48,5.00,-0.48,0
17240040,5.52,5.00,-0.52,0
17250212,5.52,5.00,-0.52,0
17260388,5.52,5.00,-0.52,0
17270108,5.52,5.00,-0.52,0
17280284,5.50,5.00,-0.50,0
17290416,5.52,5.00,-0.52,0
17300116,5.50,5.00,-0.50,0
17310276,5.52,5.00,-0.52,0
17320444,5.52,5.00,-0.52,0
17330152,5.50,5.00,-0.50,0
17340316,5.52,5.00,-0.52,0
17350016,5.52,5.00,-0.52,0
17360188,5.50,5.00,-0.50,0
17370320,5.52,5.00,-0.52,0
17380044,5.52,5.00,-0.52,0
17390212,5.52,5.00,-0.52,0
17400372,5.52,5.00,-0.52,0
17410088,5.52,5.00,-0.52,0
17420260,5.50,5.00,-0.50,0
17430400,5.48,5.00,-0.48,0
17440080,5.50,5.00,-0.50,0
17450244,5.52,5.00,-0.52,0
17460420,5.52,5.00,-0.52,0
17470132,5.52,5.00,-0.52,0
17480292,5.52,5.00,-0.52,0
17490008,5.52,5.00,-0.52,0
17500176,5.50,5.00,-0.50,0
17510272,1.84,-5.00,-6.84,-80
17520376,-11.28,-5.00,6.28,77
17530064,-9.13,-5.00,4.13,66
17540156,5.18,-5.00,-10.18,-96
17550320,-11.08,-5.00,6.08,76
17560024,-10.20,-5.00,5.20,72
17570172,4.48,-5.00,-9.48,-93
17580304,-10.71,-5.00,5.71,74
17590008,-9.47,-5.00,4.47,68
17600104,1.22,-5.00,-6.22,-77
17610220,-10.60,-5.00,5.60,74
17620384,-3.99,-5.00,-1.01,0
17630428,-4.75,-5.00,-0.25,0
17640048,-9.10,-5.00,4.10,66
17650152,-1.46,-5.00,-3.54,-63
17660308,-8.89,-5.00,3.89,65
17670016,-3.92,-5.00,-1.08,0
17680064,-4.26,-5.00,-0.74,0
17690192,-5.64,-5.00,0.64,0
17700360,-5.64,-5.00,0.64,0
17710088,-5.66,-5.00,0.66,0
17720272,-5.64,-5.00,0.64,0
17730440,-5.66,-5.00,0.66,0
17740160,-5.64,-5.00,0.64,0
17750336,-5.66,-5.00,0.66,0
17760088,-5.66,-5.00,0.66,0
17770256,-5.66,-5.00,0.66,0
17780440,-5.66,-5.00,0.66,0
17790168,-5.66,-5.00,0.66,0
17800336,-5.66,-5.00,0.66,0
17810056,-5.66,-5.00,0.66,0
17820240,-5.66,-5.00,0.66,0
17830432,-5.62,-5.00,0.62,0
17840168,-5.67,-5.00,0.67,0
17850336,-5.66,-5.00,0.66,0
17860072,-5.66,-5.00,0.66,0
17870272,-5.66,-5.00,0.66,0
17880024,-5.66,-5.00,0.66,0
17890224,-5.67,-5.00,0.67,0
17900416,-5.66,-5.00,0.66,0
17910144,-5.67,-5.00,0.67,0
17920336,-5.67,-5.00,0.67,0
17930032,-5.66,-5.00,0.66,0
17940184,-5.67,-5.00,0.67,0
17950320,-5.66,-5.00,0.66,0
17960056,-5.67,-5.00,0.67,0
17970224,-5.66,-5.00,0.66,0
17980384,-5.66,-5.00,0.66,0
17990104,-5.67,-5.00,0.67,0
18000288,-5.67,-5.00,0.67,0
18010008,-5.66,-5.00,0.66,0
18020176,-5.66,-5.00,0.66,0
18030344,-5.64,-5.00,0.64,0
18040048,-5.67,-5.00,0.67,0
18050216,-5.66,-5.00,0.66,0
18060416,-5.69,-5.00,0.69,0
18070144,-5.67,-5.00,0.67,0
18080336,-5.67,-5.00,0.67,0
18090064,-5.66,-5.00,0.66,0
18100240,-5.67,-5.00,0.67,0
18110424,-5.66,-5.00,0.66,0
18120168,-5.67,-5.00,0.67,0
18130328,-5.66,-5.00,0.66,0
18140056,-5.67,-5.00,0.67,0
18150208,-5.69,-5.00,0.69,0
18160344,-5.67,-5.00,0.67,0
18170048,-5.69,-5.00,0.69,0
18180232,-5.67,-5.00,0.67,0
18190408,-5.67,-5.00,0.67,0
18200136,-5.69,-5.00,0.69,0
18210296,-5.67,-5.00,0.67,0
18220016,-5.66,-5.00,0.66,0
18230208,-5.66,-5.00,0.66,0
18240396,-5.67,-5.00,0.67,0
18250096,-5.69,-5.00,0.69,0
18260240,-5.69,-5.00,0.69,0
18270384,-5.67,-5.00,0.67,0
18280112,-5.69,-5.00,0.69,0
18290256,-5.69,-5.00,0.69,0
18300408,-5.69,-5.00,0.69,0
18310104,-5.67,-5.00,0.67,0
18320280,-5.69,-5.00,0.69,0
18330424,-5.69,-5.00,0.69,0
18340136,-5.69,-5.00,0.69,0
18350272,-5.69,-5.00,0.69,0
18360448,-5.69,-5.00,0.69,0
18370176,-5.67,-5.00,0.67,0
18380344,-5.69,-5.00,0.69,0
18390056,-5.69,-5.00,0.69,0
18400252,-5.69,-5.00,0.69,0
18410408,-5.71,-5.00,0.71,0
18420128,-5.69,-5.00,0.69,0
18430280,-5.66,-5.00,0.66,0
18440036,-5.69,-5.00,0.69,0
18450192,-5.69,-5.00,0.69,0
18460352,-5.71,-5.00,0.71,0
18470088,-5.69,-5.00,0.69,0
18480288,-5.69,-5.00,0.69,0
18490024,-5.69,-5.00,0.69,0
18500192,-5.69,-5.00,0.69,0
18510368,-5.69,-5.00,0.69,0
18520088,-5.69,-5.00,0.69,0
18530280,-5.69,-5.00,0.69,0
18540044,-5.69,-5.00,0.69,0
18550216,-5.69,-5.00,0.69,0
18560416,-5.71,-5.00,0.71,0
18570128,-5.69,-5.00,0.69,0
18580256,-5.69,-5.00,0.69,0
18590384,-5.69,-5.00,0.69,0
18600080,-5.69,-5.00,0.69,0
18610248,-5.71,-5.00,0.71,0
18620424,-5.71,-5.00,0.71,0
18630144,-5.66,-5.00,0.66,0
18640328,-5.71,-5.00,0.71,0
18650024,-5.69,-5.00,0.69,0
18660160,-5.69,-5.00,0.69,0
18670296,-5.69,-5.00,0.69,0
18680000,-5.69,-5.00,0.69,0
18690168,-5.71,-5.00,0.71,0
18700344,-5.71,-5.00,0.71,0
18710068,-5.69,-5.00,0.69,0
18720220,-5.71,-5.00,0.71,0
18730376,-5.69,-5.00,0.69,0
18740080,-5.69,-5.00,0.69,0
18750216,-5.69,-5.00,0.69,0
18760360,-5.71,-5.00,0.71,0
18770088,-5.71,-5.00,0.71,0
18780296,-5.69,-5.00,0.69,0
18790032,-5.71,-5.00,0.71,0
18800208,-5.69,-5.00,0.69,0
18810352,-5.73,-5.00,0.73,0
18820104,-5.71,-5.00,0.71,0
18830280,-5.66,-5.00,0.66,0
18840028,-5.71,-5.00,0.71,0
18850208,-5.69,-5.00,0.69,0
18860380,-5.71,-5.00,0.71,0
18870120,-5.71,-5.00,0.71,0
18880308,-5.69,-5.00,0.69,0
18890440,-5.71,-5.00,0.71,0
18900184,-5.71,-5.00,0.71,0
18910352,-5.71,-5.00,0.71,0
18920076,-5.71,-5.00,0.71,0
18930248,-5.71,-5.00,0.71,0
18940000,-5.71,-5.00,0.71,0
18950200,-5.71,-5.00,0.71,0
18960408,-5.71,-5.00,0.71,0
18970140,-5.71,-5.00,0.71,0
18980336,-5.71,-5.00,0.71,0
18990096,-5.69,-5.00,0.69,0
19000292,-5.71,-5.00,0.71,0
19010044,-5.71,-5.00,0.71,0
19020228,-5.71,-5.00,0.71,0
19030416,-5.67,-5.00,0.67,0
19040156,-5.73,-5.00,0.73,0
19050328,-5.71,-5.00,0.71,0
19060064,-5.71,-5.00,0.71,0
19070256,-5.71,-5.00,0.71,0
19080008,-5.71,-5.00,0.71,0
19090192,-5.71,-5.00,0.71,0
19100384,-5.71,-5.00,0.71,0
19110128,-5.71,-5.00,0.71,0
19120340,-5.69,-5.00,0.69,0
19130064,-5.71,-5.00,0.71,0
19140236,-5.71,-5.00,0.71,0
19150432,-5.71,-5.00,0.71,0
19160200,-5.71,-5.00,0.71,0
19170392,-5.71,-5.00,0.71,0
19180140,-5.73,-5.00,0.73,0
19190348,-5.71,-5.00,0.71,0
19200096,-5.69,-5.00,0.69,0
19210256,-5.71,-5.00,0.71,0
19220424,-5.73,-5.00,0.73,0
19230160,-5.67,-5.00,0.67,0
19240320,-5.73,-5.00,0.73,0
19250048,-5.69,-5.00,0.69,0
19260192,-5.71,-5.00,0.71,0
19270360,-5.69,-5.00,0.69,0
19280072,-5.71,-5.00,0.71,0
19290256,-5.71,-5.00,0.71,0
19300432,-5.71,-5.00,0.71,0
19310160,-5.71,-5.00,0.71,0
19320356,-5.71,-5.00,0.71,0
19330096,-5.71,-5.00,0.71,0
19340280,-5.71,-5.00,0.71,0
19350036,-5.71,-5.00,0.71,0
19360224,-5.73,-5.00,0.73,0
19370400,-5.71,-5.00,0.71,0
19380152,-5.73,-5.00,0.73,0
19390352,-5.71,-5.00,0.71,0
19400088,-5.73,-5.00,0.73,0
19410288,-5.71,-5.00,0.71,0
19420048,-5.73,-5.00,0.73,0
19430240,-5.69,-5.00,0.69,0
19440408,-5.71,-5.00,0.71,0
19450152,-5.71,-5.00,0.71,0
19460352,-5.74,-5.00,0.74,0
19470080,-5.73,-5.00,0.73,0
19480256,-5.73,-5.00,0.73,0
19490440,-5.73,-5.00,0.73,0
19500184,-5.73,-5.00,0.73,0
19510376,-5.73,-5.00,0.73,0
19520096,-5.71,-5.00,0.71,0
19530256,-5.73,-5.00,0.73,0
19540432,-5.73,-5.00,0.73,0
19550160,-5.73,-5.00,0.73,0
19560328,-5.73,-5.00,0.73,0
19570048,-5.71,-5.00,0.71,0
19580224,-5.73,-5.00,0.73,0
19590408,-5.71,-5.00,0.71,0
19600152,-5.73,-5.00,0.73,0
19610320,-5.73,-5.00,0.73,0
19620056,-5.73,-5.00,0.73,0
19630232,-5.69,-5.00,0.69,0
19640424,-5.73,-5.00,0.73,0
19650144,-5.73,-5.00,0.73,0
19660332,-5.73,-5.00,0.73,0
19670072,-5.74,-5.00,0.74,0
19680272,-5.73,-5.00,0.73,0
19690440,-5.74,-5.00,0.74,0
19700144,-5.73,-5.00,0.73,0
19710320,-5.73,-5.00,0.73,0
19720048,-5.73,-5.00,0.73,0
19730224,-5.73,-5.00,0.73,0
19740416,-5.73,-5.00,0.73,0
19750144,-5.73,-5.00,0.73,0
19760348,-5.73,-5.00,0.73,0
19770064,-5.74,-5.00,0.74,0
19780248,-5.73,-5.00,0.73,0
19790000,-5.73,-5.00,0.73,0
19800208,-5.73,-5.00,0.73,0
19810400,-5.74,-5.00,0.74,0
19820140,-5.73,-5.00,0.73,0
19830348,-5.69,-5.00,0.69,0
19840072,-5.74,-5.00,0.74,0
19850248,-5.73,-5.00,0.73,0
19860432,-5.73,-5.00,0.73,0
19870152,-5.73,-5.00,0.73,0
19880352,-5.73,-5.00,0.73,0
19890088,-5.73,-5.00,0.73,0
19900288,-5.73,-5.00,0.73,0
19910440,-5.74,-5.00,0.74,0
19920148,-5.74,-5.00,0.74,0
19930312,-5.73,-5.00,0.73,0
19940040,-5.73,-5.00,0.73,0
19950216,-5.73,-5.00,0.73,0
19960396,-5.74,-5.00,0.74,0
19970096,-5.74,-5.00,0.74,0
19980276,-5.73,-5.00,0.73,0
19990036,-5.73,-5.00,0.73,0
20000236,-5.73,5.00,10.73,99
20010356,7.54,5.00,-2.54,-58
20020420,7.39,5.00,-2.39,-57
20030060,-5.90,5.00,10.90,100
20040236,8.96,5.00,-3.96,-65
20050352,7.26,5.00,-2.26,-57
20060004,-7.75,5.00,12.75,109
20070196,9.20,5.00,-4.20,-67
20080252,8.26,5.00,-3.26,-62
20090348,-6.83,5.00,11.83,105
20100116,8.80,5.00,-3.80,-65
20110196,7.89,5.00,-2.89,-60
20120276,-8.35,5.00,13.35,112
20130020,8.77,5.00,-3.77,-64
20140116,7.95,5.00,-2.95,-60
20150196,-7.88,5.00,12.88,110
20160408,9.15,5.00,-4.15,-66
20170044,8.42,5.00,-3.42,-63
20180132,-8.00,5.00,13.00,110
20190292,8.92,5.00,-3.92,-65
20200392,9.26,5.00,-4.26,-67
20210052,-7.95,5.00,12.95,110
20220256,7.30,5.00,-2.30,-57
20230320,9.26,5.00,-4.26,-67
20240416,-1.62,5.00,6.62,79
20250096,7.88,5.00,-2.88,-60
20260200,3.37,5.00,1.63,0
20270212,0.32,5.00,4.68,69
20280316,8.37,5.00,-3.37,-62
20290004,0.27,5.00,4.73,69
20300096,5.50,5.00,-0.50,0
20310152,6.08,5.00,-1.08,0
20320196,2.23,5.00,2.77,59
20330252,3.59,5.00,1.41,0
20340276,3.59,5.00,1.41,0
20350284,3.59,5.00,1.41,0
20360316,3.59,5.00,1.41,0
20370324,3.59,5.00,1.41,0
20380340,3.59,5.00,1.41,0
20390356,3.59,5.00,1.41,0
20400380,3.59,5.00,1.41,0
20410404,3.59,5.00,1.41,0
20420004,3.59,5.00,1.41,0
20430016,3.58,5.00,1.42,0
20440048,3.58,5.00,1.42,0
20450060,3.59,5.00,1.41,0
20460088,3.59,5.00,1.41,0
20470092,3.59,5.00,1.41,0
20480124,3.59,5.00,1.41,0
20490124,3.59,5.00,1.41,0
20500148,3.59,5.00,1.41,0
20510164,3.59,5.00,1.41,0
20520188,3.59,5.00,1.41,0
20530204,3.59,5.00,1.41,0
20540228,3.59,5.00,1.41,0
20550236,3.59,5.00,1.41,0
20560260,3.58,5.00,1.42,0
20570276,3.59,5.00,1.41,0
20580300,3.59,5.00,1.41,0
20590316,3.59,5.00,1.41,0
20600332,3.59,5.00,1.41,0
20610348,3.59,5.00,1.41,0
20620372,3.59,5.00,1.41,0
20630396,3.59,5.00,1.41,0
20640404,3.61,5.00,1.39,0
20650428,3.59,5.00,1.41,0
20660004,3.59,5.00,1.41,0
20670020,3.59,5.00,1.41,0
20680028,3.59,5.00,1.41,0
20690060,3.59,5.00,1.41,0
20700076,3.59,5.00,1.41,0
20710100,3.59,5.00,1.41,0
20720108,3.59,5.00,1.41,0
20730132,3.59,5.00,1.41,0
20740148,3.59,5.00,1.41,0
20750180,3.59,5.00,1.41,0
20760180,3.59,5.00,1.41,0
20770212,3.59,5.00,1.41,0
20780220,3.59,5.00,1.41,0
20790252,3.59,5.00,1.41,0
20800268,3.59,5.00,1.41,0
20810292,3.59,5.00,1.41,0
20820300,3.59,5.00,1.41,0
20830332,3.58,5.00,1.42,0
20840348,3.59,5.00,1.41,0
20850364,3.59,5.00,1.41,0
20860380,3.59,5.00,1.41,0
20870404,3.59,5.00,1.41,0
20880428,3.59,5.00,1.41,0
20890020,3.59,5.00,1.41,0
20900020,3.59,5.00,1.41,0
20910052,3.59,5.00,1.41,0
20920068,3.59,5.00,1.41,0
20930092,3.59,5.00,1.41,0
20940100,3.59,5.00,1.41,0
20950132,3.59,5.00,1.41,0
20960148,3.59,5.00,1.41,0
20970164,3.59,5.00,1.41,0
20980180,3.59,5.00,1.41,0
20990204,3.59,5.00,1.41,0
21000228,3.59,5.00,1.41,0
21010244,3.59,5.00,1.41,0
21020252,3.59,5.00,1.41,0
21030276,3.58,5.00,1.42,0
21040292,3.61,5.00,1.39,0
21050316,3.59,5.00,1.41,0
21060340,3.59,5.00,1.41,0
21070356,3.61,5.00,1.39,0
21080372,3.59,5.00,1.41,0
21090396,3.61,5.00,1.39,0
21100420,3.59,5.00,1.41,0
21110428,3.59,5.00,1.41,0
21120012,3.59,5.00,1.41,0
21130020,3.59,5.00,1.41,0
21140036,3.59,5.00,1.41,0
21150044,3.61,5.00,1.39,0
21160076,3.59,5.00,1.41,0
21170092,3.59,5.00,1.41,0
21180116,3.59,5.00,1.41,0
21190124,3.59,5.00,1.41,0
21200148,3.59,5.00,1.41,0
21210164,3.59,5.00,1.41,0
21220196,3.59,5.00,1.41,0
21230196,3.58,5.00,1.42,0
21240228,3.61,5.00,1.39,0
21250236,3.59,5.00,1.41,0
21260268,3.59,5.00,1.41,0
21270284,3.59,5.00,1.41,0
21280308,3.59,5.00,1.41,0
21290316,3.59,5.00,1.41,0
21300348,3.59,5.00,1.41,0
21310364,3.59,5.00,1.41,0
21320380,3.59,5.00,1.41,0
21330396,3.59,5.00,1.41,0
21340420,3.59,5.00,1.41,0
21350436,3.59,5.00,1.41,0
21360012,3.59,5.00,1.41,0
21370028,3.59,5.00,1.41,0
21380060,3.59,5.00,1.41,0
21390076,3.59,5.00,1.41,0
21400108,3.59,5.00,1.41,0
21410116,3.59,5.00,1.41,0
21420148,3.59,5.00,1.41,0
21430164,3.58,5.00,1.42,0
21440180,3.61,5.00,1.39,0
21450196,3.59,5.00,1.41,0
21460220,3.59,5.00,1.41,0
21470244,3.59,5.00,1.41,0
21480284,3.59,5.00,1.41,0
21490284,3.59,5.00,1.41,0
21500324,3.59,5.00,1.41,0
21510332,3.59,5.00,1.41,0
21520364,3.59,5.00,1.41,0
21530380,3.59,5.00,1.41,0
21540404,3.59,5.00,1.41,0
21550412,3.59,5.00,1.41,0
21560444,3.59,5.00,1.41,0
21570012,3.59,5.00,1.41,0
21580036,3.59,5.00,1.41,0
21590060,3.59,5.00,1.41,0
21600092,3.59,5.00,1.41,0
21610092,3.59,5.00,1.41,0
21620124,3.59,5.00,1.41,0
21630132,3.58,5.00,1.42,0
21640164,3.61,5.00,1.39,0
21650180,3.59,5.00,1.41,0
21660204,3.59,5.00,1.41,0
21670212,3.59,5.00,1.41,0
21680244,3.59,5.00,1.41,0
21690252,3.59,5.00,1.41,0
21700276,3.59,5.00,1.41,0
21710292,3.61,5.00,1.39,0
21720316,3.59,5.00,1.41,0
21730340,3.59,5.00,1.41,0
21740380,3.59,5.00,1.41,0
21750380,3.59,5.00,1.41,0
21760420,3.59,5.00,1.41,0
21770420,3.59,5.00,1.41,0
21780012,3.59,5.00,1.41,0
21790020,3.59,5.00,1.41,0
21800052,3.59,5.00,1.41,0
21810060,3.59,5.00,1.41,0
21820084,3.59,5.00,1.41,0
21830100,3.58,5.00,1.42,0
21840124,3.61,5.00,1.39,0
21850148,3.58,5.00,1.42,0
21860188,3.59,5.00,1.41,0
21870188,3.59,5.00,1.41,0
21880220,3.59,5.00,1.41,0
21890228,3.59,5.00,1.41,0
21900260,3.59,5.00,1.41,0
21910268,3.59,5.00,1.41,0
21920300,3.59,5.00,1.41,0
21930308,3.59,5.00,1.41,0
21940340,3.59,5.00,1.41,0
21950348,3.59,5.00,1.41,0
21960372,3.59,5.00,1.41,0
21970388,3.61,5.00,1.39,0
21980412,3.59,5.00,1.41,0
21990436,3.59,5.00,1.41,0
22000036,3.58,5.00,1.42,0
22010044,3.59,5.00,1.41,0
22020068,3.59,5.00,1.41,0
22030084,3.58,5.00,1.42,0
22040108,3.61,5.00,1.39,0
22050116,3.59,5.00,1.41,0
22060148,3.61,5.00,1.39,0
22070164,3.59,5.00,1.41,0
22080180,3.59,5.00,1.41,0
22090196,3.59,5.00,1.41,0
22100220,3.59,5.00,1.41,0
22110244,3.59,5.00,1.41,0
22120284,3.59,5.00,1.41,0
22130284,3.59,5.00,1.41,0
22140324,3.59,5.00,1.41,0
22150332,3.59,5.00,1.41,0
22160364,3.59,5.00,1.41,0
22170380,3.59,5.00,1.41,0
22180404,3.59,5.00,1.41,0
22190412,3.59,5.00,1.41,0
22200444,3.58,5.00,1.42,0
22210020,3.59,5.00,1.41,0
22220052,3.59,5.00,1.41,0
22230068,3.58,5.00,1.42,0
22240100,3.61,5.00,1.39,0
22250100,3.59,5.00,1.41,0
22260132,3.59,5.00,1.41,0
22270140,3.59,5.00,1.41,0
22280172,3.59,5.00,1.41,0
22290188,3.59,5.00,1.41,0
22300212,3.59,5.00,1.41,0
22310220,3.59,5.00,1.41,0
22320252,3.59,5.00,1.41,0
22330268,3.59,5.00,1.41,0
22340284,3.59,5.00,1.41,0
22350300,3.59,5.00,1.41,0
22360324,3.59,5.00,1.41,0
22370348,3.59,5.00,1.41,0
22380380,3.59,5.00,1.41,0
22390380,3.59,5.00,1.41,0
22400420,3.59,5.00,1.41,0
22410428,3.59,5.00,1.41,0
22420020,3.59,5.00,1.41,0
22430028,3.58,5.00,1.42,0
22440060,3.61,5.00,1.39,0
22450076,3.59,5.00,1.41,0
22460092,3.59,5.00,1.41,0
22470108,3.59,5.00,1.41,0
22480132,3.59,5.00,1.41,0
22490156,3.59,5.00,1.41,0
22500188,3.61,5.00,1.39,0
22510184,1.69,-5.00,-6.69,-79
22520304,-11.01,-5.00,6.01,76
22530024,-5.88,-5.00,0.88,0
22540028,-0.67,-5.00,-4.33,-67
22550136,-10.64,-5.00,5.64,74
22560308,-1.16,-5.00,-3.84,-65
22570000,-6.13,-5.00,1.13,0
22580072,-9.73,-5.00,4.73,69
22590172,0.45,-5.00,-5.45,-73
22600288,-9.76,-5.00,4.76,69
22610396,-4.71,-5.00,-0.29,0
22620020,-4.05,-5.00,-0.95,0
22630048,-8.61,-5.00,3.61,64
22640180,-2.09,-5.00,-2.91,-60
22650332,-7.63,-5.00,2.63,59
22660120,-5.41,-5.00,0.41,0
22670288,-5.41,-5.00,0.41,0
22680008,-5.43,-5.00,0.43,0
22690152,-5.41,-5.00,0.41,0
22700312,-5.41,-5.00,0.41,0
22710024,-5.43,-5.00,0.43,0
22720196,-5.43,-5.00,0.43,0
22730352,-5.41,-5.00,0.41,0
22740072,-5.43,-5.00,0.43,0
22750224,-5.45,-5.00,0.45,0
22760384,-5.41,-5.00,0.41,0
22770088,-5.41,-5.00,0.41,0
22780248,-5.41,-5.00,0.41,0
22790408,-5.43,-5.00,0.43,0
22800128,-5.43,-5.00,0.43,0
22810264,-5.41,-5.00,0.41,0
22820424,-5.45,-5.00,0.45,0
22830160,-5.39,-5.00,0.39,0
22840352,-5.43,-5.00,0.43,0
22850056,-5.45,-5.00,0.45,0
22860224,-5.41,-5.00,0.41,0
22870392,-5.43,-5.00,0.43,0
22880136,-5.43,-5.00,0.43,0
22890288,-5.43,-5.00,0.43,0
22900008,-5.45,-5.00,0.45,0
22910152,-5.43,-5.00,0.43,0
22920328,-5.43,-5.00,0.43,0
22930048,-5.43,-5.00,0.43,0
22940224,-5.43,-5.00,0.43,0
22950400,-5.43,-5.00,0.43,0
22960112,-5.43,-5.00,0.43,0
22970280,-5.43,-5.00,0.43,0
22980432,-5.45,-5.00,0.45,0
22990152,-5.43,-5.00,0.43,0
23000344,-5.43,-5.00,0.43,0
23010064,-5.45,-5.00,0.45,0
23020232,-5.43,-5.00,0.43,0
23030428,-5.39,-5.00,0.39,0
23040144,-5.45,-5.00,0.45,0
23050312,-5.43,-5.00,0.43,0
23060008,-5.45,-5.00,0.45,0
23070168,-5.43,-5.00,0.43,0
23080328,-5.45,-5.00,0.45,0
23090048,-5.43,-5.00,0.43,0
23100184,-5.43,-5.00,0.43,0
23110352,-5.45,-5.00,0.45,0
23120072,-5.45,-5.00,0.45,0
23130232,-5.43,-5.00,0.43,0
23140384,-5.43,-5.00,0.43,0
23150080,-5.45,-5.00,0.45,0
23160240,-5.45,-5.00,0.45,0
23170400,-5.45,-5.00,0.45,0
23180120,-5.45,-5.00,0.45,0
23190288,-5.45,-5.00,0.45,0
23200008,-5.45,-5.00,0.45,0
23210176,-5.45,-5.00,0.45,0
23220336,-5.45,-5.00,0.45,0
23230040,-5.41,-5.00,0.41,0
23240208,-5.45,-5.00,0.45,0
23250368,-5.45,-5.00,0.45,0
23260080,-5.43,-5.00,0.43,0
23270248,-5.45,-5.00,0.45,0
23280416,-5.45,-5.00,0.45,0
23290120,-5.45,-5.00,0.45,0
23300288,-5.45,-5.00,0.45,0
23310008,-5.45,-5.00,0.45,0
23320176,-5.43,-5.00,0.43,0
23330344,-5.45,-5.00,0.45,0
23340064,-5.45,-5.00,0.45,0
23350224,-5.45,-5.00,0.45,0
23360384,-5.45,-5.00,0.45,0
23370072,-5.43,-5.00,0.43,0
23380224,-5.45,-5.00,0.45,0
23390392,-5.45,-5.00,0.45,0
23400128,-5.45,-5.00,0.45,0
23410288,-5.45,-5.00,0.45,0
23420008,-5.45,-5.00,0.45,0
23430192,-5.41,-5.00,0.41,0
23440360,-5.43,-5.00,0.43,0
23450064,-5.45,-5.00,0.45,0
23460224,-5.45,-5.00,0.45,0
23470368,-5.45,-5.00,0.45,0
23480080,-5.45,-5.00,0.45,0
23490248,-5.45,-5.00,0.45,0
23500416,-5.45,-5.00,0.45,0
23510152,-5.45,-5.00,0.45,0
23520328,-5.45,-5.00,0.45,0
23530040,-5.45,-5.00,0.45,0
23540208,-5.45,-5.00,0.45,0
23550368,-5.45,-5.00,0.45,0
23560104,-5.45,-5.00,0.45,0
23570280,-5.45,-5.00,0.45,0
23580432,-5.45,-5.00,0.45,0
23590144,-5.45,-5.00,0.45,0
23600320,-5.45,-5.00,0.45,0
23610024,-5.45,-5.00,0.45,0
23620184,-5.45,-5.00,0.45,0
23630348,-5.41,-5.00,0.41,0
23640072,-5.45,-5.00,0.45,0
23650216,-5.45,-5.00,0.45,0
23660368,-5.45,-5.00,0.45,0
23670088,-5.43,-5.00,0.43,0
23680256,-5.45,-5.00,0.45,0
23690408,-5.45,-5.00,0.45,0
23700112,-5.45,-5.00,0.45,0
23710272,-5.45,-5.00,0.45,0
23720432,-5.45,-5.00,0.45,0
23730144,-5.45,-5.00,0.45,0
23740296,-5.45,-5.00,0.45,0
23750000,-5.45,-5.00,0.45,0
23760160,-5.45,-5.00,0.45,0
23770320,-5.45,-5.00,0.45,0
23780032,-5.45,-5.00,0.45,0
23790192,-5.45,-5.00,0.45,0
23800352,-5.45,-5.00,0.45,0
23810072,-5.45,-5.00,0.45,0
23820232,-5.45,-5.00,0.45,0
23830400,-5.39,-5.00,0.39,0
23840088,-5.45,-5.00,0.45,0
23850232,-5.45,-5.00,0.45,0
23860384,-5.45,-5.00,0.45,0
23870088,-5.45,-5.00,0.45,0
23880256,-5.45,-5.00,0.45,0
23890416,-5.45,-5.00,0.45,0
23900128,-5.43,-5.00,0.43,0
23910280,-5.45,-5.00,0.45,0
23920000,-5.45,-5.00,0.45,0
23930144,-5.45,-5.00,0.45,0
23940304,-5.45,-5.00,0.45,0
23950032,-5.45,-5.00,0.45,0
23960192,-5.45,-5.00,0.45,0
23970352,-5.45,-5.00,0.45,0
23980072,-5.45,-5.00,0.45,0
23990232,-5.45,-5.00,0.45,0
24000400,-5.43,-5.00,0.43,0
24010088,-5.45,-5.00,0.45,0
24