708
704
705
705
706
704
705
705
705
705
705
704
707
707
707
706
708
706
705
704
705
706
705
705
704
706
704
705
704
704
705
704
705
706
705
705
705
705
705
704
705
704
708
708
709
704
705
704
705
704
704
703
704
704
703
703
703
703
703
702
702
702
702
702
702
702
701
144
64
65
62
61
62
61
63
62
62
63
63
61
61
63
62
62
61
62
62
63
61
62
63
63
63
62
62
63
63
62
62
63
62
63
62
61
62
63
63
62
62
63
62
63
63
63
61
63
61
64
61
63
62
63
62
62
62
62
63
63
62
62
62
63
63
64
64
64
64
64
64
64
63
65
64
63
65
65
64
63
64
65
64
65
65
65
65
66
66
66
66
67
69
74
85
101
119
144
204
272
372
453
502
559
603
636
659
682
707
712
712
712
713
713
713
712
712
713
714
713
712
713
712
691
657
634
614
592
556
485
431
327
272
175
135
93
81
67
66
65
65
64
64
65
65
66
65
65
63
64
63
63
63
62
61
62
62
61
62
62
61
62
62
62
62
63
64
64
63
65
64
65
63
64
65
64
64
65
65
65
65
67
71
83
97
120
158
238
347
477
592
638
668
684
698
706
708
709
709
709
708
709
709
709
707
708
705
676
629
608
594
558
471
396
276
149
92
71
66
65
65
65
65
65
63
65
64
64
64
64
62
62
62
62
63
61
60
61
62
62
62
62
60
61
61
62
62
61
60
62
62
61
62
63
64
64
63
65
66
66
70
113
429
683
705
705
706
706
705
677
102
64
64
63
64
62
62
61
62
61
62
61
63
64
67
349
684
708
706
706
705
91
60
61
61
62
62
712
716
713
229
61
61
61
62
65
719
719
717
66
62
63
64
719
719
609
62
62
61
719
720
288
62
62
64
720
719
565
63
63
719
720
718
63
61
63
719
719
677
62
62
719
719
68
62
63
719
719
700
61
62
721
720
62
62
61
278
111
62
61
720
721
62
62
63
720
654
61
61
719
720
61
62
719
721
64
62
67
719
61
61
62
63
62
62
62
62
63
62
61
62
62
63
62
60
62
61
62
62
62
62
61
62
62
61
62
63
62
62
62
62
63
62
61
62
61
62
62
62
63
62
61
61
63
62
63
61
61
62
61
62
62
62
63
62
61
61
62
62
61
62
63
61
63
62
62
414
720
720
62
63
61
61
61
61
61
61
63
61
61
61
62
63
61
61
63
62
197
722
719
62
62
61
62
63
722
724
62
62
62
722
65
62
63
65
62
61
64
722
63
61
62
65
61
62
719
722
61
61
64
65
62
63
718
709
62
61
64
63
62
63
618
64
62
64
721
62
63
64
199
62
61
64
720
63
63
64
720
64
62
63
720
64
63
63
719
232
62
62
719
707
61
63
720
85
63
62
63
61
61
65
63
62
62
713
722
63
62
64
722
65
63
66
723
64
63
65
722
77
61
63
723
355
63
61
88
723
64
62
62
61
61
62
62
62
62
62
62
61
62
63
63
62
63
63
63
63
62
62
62
61
61
61
61
62
62
62
63
63
61
62
61
62
61
61
63
62
62
61
63
63
62
62
62
62
62
62
61
62
61
62
62
62
61
62
62
63
62
62
61
63
62
61
61
61
62
62
63
63
63
62
62
63
63
62
63
61
62
62
63
62
63
63
63
61
63
63
62
61
62
62
63
63
63
62
62
62
63
62
63
62
63
62
63
63
61
61