=~=~=~=~=~=~=~=~=~=~=~= PuTTY log 2024.09.25 14:05:00 =~=~=~=~=~=~=~=~=~=~=~=
789þ28,9.94,0.00,-9.94,0.00,-1.49
2576,9.94,0.08,-9.86,0.00,-1.48
5180,9.92,0.16,-9.76,0.00,-1.46
7784,9.94,0.24,-9.69,0.00,-1.45
10396,9.90,0.33,-9.58,0.00,-1.44
13064,9.96,0.41,-9.55,0.00,-1.43
15724,9.94,0.49,-9.45,0.00,-1.42
18372,9.92,0.58,-9.35,0.00,-1.40
21036,9.92,0.66,-9.26,0.00,-1.39
23700,9.90,0.74,-9.16,0.00,-1.37
26344,9.90,0.82,-9.08,0.00,-1.36
28976,9.90,0.91,-9.00,0.00,-1.35
31608,9.94,0.99,-8.95,0.00,-1.34
34260,9.92,1.07,-8.85,0.00,-1.33
36908,9.92,1.15,-8.77,0.00,-1.32
39564,9.92,1.23,-8.69,0.00,-1.30
42212,9.94,1.31,-8.63,0.00,-1.29
44876,9.89,1.39,-8.50,0.00,-1.27
47516,9.92,1.47,-8.45,0.00,-1.27
50168,9.92,1.55,-8.37,0.00,-1.26
52836,9.92,1.63,-8.29,0.00,-1.24
55496,9.92,1.71,-8.21,0.00,-1.23
58272,9.94,1.79,-8.15,0.00,-1.22
61160,9.90,1.87,-8.03,0.00,-1.20
64052,9.90,1.96,-7.95,0.00,-1.19
66940,9.89,2.04,-7.84,0.00,-1.18
69832,9.94,2.12,-7.81,0.00,-1.17
72724,9.92,2.21,-7.72,0.00,-1.16
75612,9.90,2.29,-7.62,0.00,-1.14
78500,9.92,2.37,-7.55,0.00,-1.13
81392,9.94,2.45,-7.49,0.00,-1.12
84280,9.92,2.53,-7.40,0.00,-1.11
87172,9.90,2.60,-7.30,0.00,-1.10
90060,9.92,2.68,-7.24,0.00,-1.09
92952,9.90,2.76,-7.15,0.00,-1.07
95840,9.92,2.83,-7.09,0.00,-1.06
98732,9.94,2.91,-7.03,0.00,-1.05
101620,9.90,2.98,-6.92,0.00,-1.04
104596,9.90,3.05,-6.85,0.00,-1.03
107572,9.89,3.13,-6.76,0.00,-1.01
110544,9.92,3.20,-6.72,0.00,-1.01
113520,9.90,3.27,-6.63,0.00,-0.99
116496,9.94,3.34,-6.60,0.00,-0.99
119472,9.90,3.41,-6.49,0.00,-0.97
122444,9.96,3.48,-6.48,0.00,-0.97
125420,9.92,3.54,-6.38,0.00,-0.96
128396,9.92,3.61,-6.31,0.00,-0.95
131372,9.92,3.67,-6.25,0.00,-0.94
134344,9.96,3.74,-6.22,0.00,-0.93
137320,9.96,3.80,-6.16,0.00,-0.92
140300,9.90,3.86,-6.05,0.00,-0.91
143272,9.94,3.92,-6.02,0.00,-0.90
146244,9.94,3.97,-5.96,0.00,-0.89
149220,9.90,4.03,-5.87,0.00,-0.88
152196,9.92,4.09,-5.84,0.00,-0.88
155172,9.90,4.14,-5.77,0.00,-0.86
158144,9.89,4.19,-5.70,0.00,-0.85
161120,9.94,4.24,-5.70,0.00,-0.85
164096,9.94,4.29,-5.65,0.00,-0.85
167072,9.90,4.34,-5.57,0.00,-0.84
170044,9.92,4.38,-5.54,0.00,-0.83
173020,9.90,4.43,-5.48,0.00,-0.82
175996,9.90,4.47,-5.43,0.00,-0.82
178972,9.90,4.51,-5.39,0.00,-0.81
181944,9.92,4.55,-5.37,0.00,-0.81
184920,9.89,4.59,-5.30,0.00,-0.79
187896,9.90,4.62,-5.28,0.00,-0.79
190872,9.90,4.66,-5.24,0.00,-0.79
193844,9.92,4.69,-5.23,0.00,-0.78
196820,9.90,4.72,-5.18,0.00,-0.78
199796,9.92,4.75,-5.17,0.00,-0.78
202772,9.96,4.78,-5.17,0.00,-0.78
205744,9.92,4.81,-5.11,0.00,-0.77
208720,9.90,4.83,-5.07,0.00,-0.76
211696,9.90,4.86,-5.05,0.00,-0.76
214672,9.90,4.88,-5.03,0.00,-0.75
217644,9.94,4.90,-5.04,0.00,-0.76
220620,9.94,4.92,-5.02,0.00,-0.75
223596,9.90,4.93,-4.97,0.00,-0.75
226572,9.94,4.95,-4.99,0.00,-0.75
229544,9.90,4.96,-4.95,0.00,-0.74
232520,9.89,4.97,-4.92,0.00,-0.74
235496,9.92,4.98,-4.94,0.00,-0.74
238472,9.92,4.99,-4.93,0.00,-0.74
241444,9.92,4.99,-4.93,0.00,-0.74
244420,9.92,5.00,-4.92,0.00,-0.74
247396,9.92,5.00,-4.92,0.00,-0.74
250372,9.92,5.00,-4.92,0.00,-0.74
253344,9.92,5.00,-4.92,0.00,-0.74
256320,9.90,5.00,-4.91,0.00,-0.74
259296,9.92,4.99,-4.93,0.00,-0.74
262272,9.92,4.99,-4.94,0.00,-0.74
265244,9.94,4.98,-4.96,0.00,-0.74
268220,9.89,4.97,-4.92,0.00,-0.74
271196,9.90,4.96,-4.95,0.00,-0.74
274172,9.90,4.94,-4.96,0.00,-0.74
277144,9.89,4.93,-4.96,0.00,-0.74
280120,9.94,4.91,-5.03,0.00,-0.75
283096,9.94,4.89,-5.05,0.00,-0.76
286072,9.92,4.87,-5.05,0.00,-0.76
289044,9.89,4.85,-5.04,0.00,-0.76
292020,9.90,4.83,-5.08,0.00,-0.76
294996,9.92,4.80,-5.12,0.00,-0.77
297972,9.92,4.77,-5.15,0.00,-0.77
300944,9.90,4.75,-5.16,0.00,-0.77
303920,9.92,4.72,-5.21,0.00,-0.78
306896,9.92,4.68,-5.24,0.00,-0.79
309872,9.90,4.65,-5.25,0.00,-0.79
312844,9.92,4.62,-5.31,0.00,-0.80
315820,9.92,4.58,-5.34,0.00,-0.80
318796,9.94,4.54,-5.40,0.00,-0.81
321772,9.89,4.50,-5.39,0.00,-0.81
324744,9.94,4.46,-5.48,0.00,-0.82
327720,9.94,4.42,-5.52,0.00,-0.83
330696,9.94,4.37,-5.57,0.00,-0.84
333672,9.92,4.32,-5.60,0.00,-0.84
336644,9.94,4.28,-5.66,0.00,-0.85
339620,9.92,4.23,-5.69,0.00,-0.85
342596,9.90,4.18,-5.73,0.00,-0.86
345572,9.94,4.13,-5.81,0.00,-0.87
348544,9.94,4.07,-5.87,0.00,-0.88
351520,9.92,4.02,-5.90,0.00,-0.89
354496,9.90,3.96,-5.94,0.00,-0.89
357472,9.92,3.90,-6.02,0.00,-0.90
360444,9.89,3.84,-6.04,0.00,-0.91
363420,9.94,3.78,-6.16,0.00,-0.92
366396,9.94,3.72,-6.22,0.00,-0.93
369372,9.90,3.66,-6.25,0.00,-0.94
372344,9.90,3.59,-6.31,0.00,-0.95
375320,9.92,3.53,-6.39,0.00,-0.96
378296,9.94,3.46,-6.48,0.00,-0.97
381272,9.94,3.39,-6.55,0.00,-0.98
384244,9.92,3.32,-6.60,0.00,-0.99
387220,9.94,3.25,-6.68,0.00,-1.00
390196,9.92,3.18,-6.74,0.00,-1.01
393172,9.90,3.11,-6.79,0.00,-1.02
396144,9.92,3.04,-6.89,0.00,-1.03
399120,9.90,2.96,-6.94,0.00,-1.04
402096,9.92,2.89,-7.04,0.00,-1.06
405072,9.90,2.81,-7.10,0.00,-1.06
408044,9.89,2.73,-7.16,0.00,-1.07
411020,9.92,2.65,-7.27,0.00,-1.09
413996,9.90,2.57,-7.33,0.00,-1.10
416972,9.90,2.49,-7.41,0.00,-1.11
419944,9.90,2.41,-7.49,0.00,-1.12
422928,9.89,2.33,-7.56,0.00,-1.13
425896,9.92,2.24,-7.68,0.00,-1.15
428872,9.92,2.16,-7.76,0.00,-1.16
431844,9.92,2.08,-7.84,0.00,-1.18
434820,9.94,1.99,-7.95,0.00,-1.19
437796,9.89,1.90,-7.98,0.00,-1.20
440772,9.92,1.82,-8.10,0.00,-1.22
443744,9.94,1.73,-8.21,0.00,-1.23
446720,9.90,1.64,-8.26,0.00,-1.24
449696,9.89,1.55,-8.33,0.00,-1.25
452672,9.90,1.47,-8.44,0.00,-1.27
455644,9.94,1.38,-8.56,0.00,-1.28
458620,9.94,1.29,-8.65,0.00,-1.30
461596,9.92,1.19,-8.73,0.00,-1.31
464572,9.92,1.10,-8.82,0.00,-1.32
467544,9.89,1.01,-8.87,0.00,-1.33
470520,9.96,0.92,-9.04,0.00,-1.36
473496,9.92,0.83,-9.09,0.00,-1.36
476472,9.92,0.74,-9.18,0.00,-1.38
479444,9.94,0.64,-9.29,0.00,-1.39
482420,9.90,0.55,-9.35,0.00,-1.40
485396,9.90,0.46,-9.45,0.00,-1.42
488372,9.92,0.36,-9.56,0.00,-1.43
491344,9.92,0.27,-9.65,0.00,-1.45
494320,9.92,0.18,-9.74,0.00,-1.46
497296,9.90,0.08,-9.82,0.00,-1.47
500272,9.89,-0.01,-9.89,0.00,-1.48
503332,9.92,-0.10,-10.03,0.00,-1.50
506476,9.90,-0.20,-10.11,0.00,-1.52
509620,9.90,-0.30,-10.21,0.00,-1.53
512764,9.92,-0.40,-10.32,0.00,-1.55
515912,9.96,-0.50,-10.46,0.00,-1.57
519056,9.90,-0.60,-10.50,0.00,-1.58
522200,9.94,-0.70,-10.63,0.00,-1.60
525344,9.94,-0.79,-10.73,0.00,-1.61
528492,9.90,-0.89,-10.79,0.00,-1.62
531636,9.94,-0.99,-10.93,0.00,-1.64
534780,9.92,-1.08,-11.01,0.00,-1.65
537924,9.90,-1.18,-11.08,0.00,-1.66
541072,9.92,-1.28,-11.20,0.00,-1.68
544216,9.92,-1.37,-11.29,0.00,-1.69
547360,9.94,-1.47,-11.40,0.00,-1.71
550504,9.92,-1.56,-11.48,0.00,-1.72
553652,9.94,-1.65,-11.59,0.00,-1.74
556796,9.89,-1.75,-11.63,0.00,-1.74
559940,9.89,-1.84,-11.73,0.00,-1.76
563084,9.94,-1.93,-11.87,0.00,-1.78
566232,9.94,-2.02,-11.96,0.00,-1.79
569376,9.90,-2.11,-12.01,0.00,-1.80
572520,9.92,-2.20,-12.12,0.00,-1.82
575664,9.90,-2.29,-12.19,0.00,-1.83
578812,9.90,-2.38,-12.28,0.00,-1.84
581956,9.94,-2.46,-12.40,0.00,-1.86
585100,9.89,-2.55,-12.43,0.00,-1.87
588244,9.92,-2.63,-12.55,0.00,-1.88
591392,9.90,-2.72,-12.62,0.00,-1.89
594536,9.96,-2.80,-12.75,0.00,-1.91
597680,9.90,-2.88,-12.78,0.00,-1.92
600824,9.94,-2.96,-12.90,0.00,-1.93
603972,9.90,-3.04,-12.94,0.00,-1.94
607116,9.90,-3.12,-13.02,0.00,-1.95
610260,9.96,-3.19,-13.15,0.00,-1.97
613404,9.90,-3.27,-13.17,0.00,-1.98
616552,9.92,-3.34,-13.26,0.00,-1.99
619696,9.92,-3.42,-13.34,0.00,-2.00
622840,9.90,-3.49,-13.39,0.00,-2.01
625984,9.89,-3.56,-13.44,0.00,-2.02
629132,9.92,-3.63,-13.55,0.00,-2.03
632276,9.92,-3.69,-13.61,0.00,-2.04
635420,9.92,-3.76,-13.68,0.00,-2.05
638564,9.92,-3.82,-13.74,0.00,-2.06
641712,9.92,-3.89,-13.81,0.00,-2.07
644856,9.90,-3.95,-13.85,0.00,-2.08
648000,9.92,-4.01,-13.93,0.00,-2.09
651144,9.94,-4.07,-14.00,0.00,-2.10
654292,9.90,-4.12,-14.03,0.00,-2.10
657436,9.92,-4.18,-14.10,0.00,-2.11
660580,9.94,-4.23,-14.17,0.00,-2.13
663724,9.92,-4.28,-14.20,0.00,-2.13
666872,9.94,-4.33,-14.27,0.00,-2.14
670016,9.89,-4.38,-14.27,0.00,-2.14
673160,9.89,-4.43,-14.31,0.00,-2.15
676304,9.94,-4.47,-14.41,0.00,-2.16
679452,9.92,-4.52,-14.44,0.00,-2.17
682596,9.92,-4.56,-14.48,0.00,-2.17
685740,9.92,-4.60,-14.52,0.00,-2.18
688884,9.90,-4.64,-14.54,0.00,-2.18
692032,9.92,-4.67,-14.59,0.00,-2.19
695176,9.92,-4.71,-14.63,0.00,-2.19
698320,9.92,-4.74,-14.66,0.00,-2.20
701464,9.90,-4.77,-14.67,0.00,-2.20
704612,9.89,-4.80,-14.68,0.00,-2.20
707756,9.92,-4.82,-14.75,0.00,-2.21
710900,9.92,-4.85,-14.77,0.00,-2.22
714044,9.90,-4.87,-14.78,0.00,-2.22
717192,9.90,-4.89,-14.80,0.00,-2.22
720336,9.92,-4.91,-14.83,0.00,-2.23
723480,9.92,-4.93,-14.85,0.00,-2.23
726624,9.90,-4.95,-14.85,0.00,-2.23
729772,9.90,-4.96,-14.86,0.00,-2.23
732916,9.92,-4.97,-14.89,0.00,-2.23
736060,9.89,-4.98,-14.87,0.00,-2.23
739204,9.92,-4.99,-14.91,0.00,-2.24
742352,9.92,-4.99,-14.92,0.00,-2.24
745496,9.92,-5.00,-14.92,0.00,-2.24
748640,9.90,-5.00,-14.90,0.00,-2.24
751784,9.89,-5.00,-14.89,0.00,-2.23
754932,9.94,-5.00,-14.94,0.00,-2.24
758076,9.92,-4.99,-14.91,0.00,-2.24
761220,9.90,-4.99,-14.89,0.00,-2.23
764364,9.92,-4.98,-14.90,0.00,-2.24
767512,9.92,-4.97,-14.89,0.00,-2.23
770656,9.92,-4.96,-14.88,0.00,-2.23
773800,9.92,-4.94,-14.87,0.00,-2.23
776944,9.92,-4.93,-14.85,0.00,-2.23
780092,9.90,-4.91,-14.81,0.00,-2.22
783236,9.92,-4.89,-14.81,0.00,-2.22
786380,9.94,-4.87,-14.81,0.00,-2.22
789524,9.90,-4.85,-14.75,0.00,-2.21
792672,9.92,-4.82,-14.74,0.00,-2.21
795816,9.96,-4.79,-14.75,0.00,-2.21
798960,9.90,-4.77,-14.67,0.00,-2.20
802104,9.92,-4.73,-14.66,0.00,-2.20
805252,9.92,-4.70,-14.62,0.00,-2.19
808396,9.89,-4.67,-14.55,0.00,-2.18
811540,9.90,-4.63,-14.53,0.00,-2.18
814684,9.89,-4.59,-14.48,0.00,-2.17
817832,9.94,-4.55,-14.49,0.00,-2.17
820976,9.92,-4.51,-14.43,0.00,-2.16
824120,9.94,-4.47,-14.41,0.00,-2.16
827264,9.92,-4.42,-14.34,0.00,-2.15
830412,9.94,-4.38,-14.31,0.00,-2.15
833556,9.92,-4.33,-14.25,0.00,-2.14
836700,9.94,-4.28,-14.22,0.00,-2.13
839844,9.92,-4.22,-14.15,0.00,-2.12
842992,9.90,-4.17,-14.07,0.00,-2.11
846136,9.90,-4.12,-14.02,0.00,-2.10
849280,9.90,-4.06,-13.96,0.00,-2.09
852424,9.92,-4.00,-13.92,0.00,-2.09
855572,9.92,-3.94,-13.86,0.00,-2.08
858716,9.90,-3.88,-13.78,0.00,-2.07
861860,9.90,-3.82,-13.72,0.00,-2.06
865004,9.94,-3.75,-13.69,0.00,-2.05
868152,9.90,-3.68,-13.59,0.00,-2.04
871296,9.92,-3.62,-13.54,0.00,-2.03
874440,9.92,-3.55,-13.47,0.00,-2.02
877588,9.92,-3.48,-13.40,0.00,-2.01
880732,9.94,-3.41,-13.34,0.00,-2.00
883876,9.90,-3.33,-13.24,0.00,-1.99
887020,9.92,-3.26,-13.18,0.00,-1.98
890164,9.92,-3.18,-13.10,0.00,-1.97
893312,9.89,-3.11,-12.99,0.00,-1.95
896456,9.90,-3.03,-12.93,0.00,-1.94
899600,9.94,-2.95,-12.89,0.00,-1.93
902744,9.90,-2.87,-12.77,0.00,-1.92
905892,9.90,-2.79,-12.69,0.00,-1.90
909036,9.89,-2.70,-12.59,0.00,-1.89
912180,9.90,-2.62,-12.52,0.00,-1.88
915324,9.94,-2.54,-12.48,0.00,-1.87
918472,9.92,-2.45,-12.37,0.00,-1.86
921620,9.92,-2.36,-12.29,0.00,-1.84
924760,9.90,-2.28,-12.18,0.00,-1.83
927904,9.89,-2.19,-12.07,0.00,-1.81
931052,9.94,-2.10,-12.04,0.00,-1.81
934196,9.92,-2.01,-11.93,0.00,-1.79
937340,9.96,-1.92,-11.87,0.00,-1.78
940484,9.92,-1.83,-11.75,0.00,-1.76
943632,9.92,-1.73,-11.66,0.00,-1.75
946776,9.94,-1.64,-11.58,0.00,-1.74
949920,9.92,-1.55,-11.47,0.00,-1.72
953064,9.89,-1.45,-11.34,0.00,-1.70
956212,9.90,-1.36,-11.26,0.00,-1.69
959356,9.90,-1.26,-11.17,0.00,-1.68
962500,9.90,-1.17,-11.07,0.00,-1.66
965652,9.92,-1.07,-10.99,0.00,-1.65
968792,9.89,-0.97,-10.86,0.00,-1.63
971936,9.90,-0.88,-10.78,0.00,-1.62
975080,9.92,-0.78,-10.70,0.00,-1.61
978224,9.94,-0.68,-10.62,0.00,-1.59
981372,9.90,-0.58,-10.49,0.00,-1.57
984516,9.94,-0.49,-10.42,0.00,-1.56
987660,9.92,-0.39,-10.31,0.00,-1.55
990804,9.90,-0.29,-10.19,0.00,-1.53
993952,9.90,-0.19,-10.09,0.00,-1.51
997096,9.94,-0.09,-10.03,0.00,-1.50
1000240,9.90,0.01,-9.90,0.00,-1.48
1003300,9.94,0.10,-9.84,0.00,-1.48
1006360,9.94,0.20,-9.74,0.00,-1.46
1009420,9.92,0.30,-9.63,0.00,-1.44
1012480,9.92,0.39,-9.53,0.00,-1.43
1015540,9.90,0.49,-9.42,0.00,-1.41
1018600,9.92,0.58,-9.34,0.00,-1.40
1021660,9.94,0.68,-9.26,0.00,-1.39
1024720,9.92,0.77,-9.15,0.00,-1.37
1027780,9.92,0.87,-9.05,0.00,-1.36
1030840,9.90,0.96,-8.94,0.00,-1.34
1033900,9.90,1.06,-8.85,0.00,-1.33
1036960,9.92,1.15,-8.77,0.00,-1.32
1040020,9.92,1.24,-8.68,0.00,-1.30
1043080,9.94,1.34,-8.60,0.00,-1.29
1046140,9.92,1.43,-8.49,0.00,-1.27
1049200,9.90,1.52,-8.38,0.00,-1.26
1052260,9.90,1.61,-8.29,0.00,-1.24
1055320,9.89,1.70,-8.18,0.00,-1.23
1058380,9.94,1.79,-8.15,0.00,-1.22
1061440,9.96,1.88,-8.07,0.00,-1.21
1064500,9.94,1.97,-7.97,0.00,-1.20
1067560,9.90,2.06,-7.84,0.00,-1.18
1070620,9.90,2.15,-7.76,0.00,-1.16
1073680,9.92,2.23,-7.69,0.00,-1.15
1076740,9.90,2.32,-7.59,0.00,-1.14
1079800,9.90,2.40,-7.50,0.00,-1.13
1082860,9.94,2.49,-7.45,0.00,-1.12
1085920,9.92,2.57,-7.35,0.00,-1.10
1088980,9.92,2.65,-7.27,0.00,-1.09
1092040,9.90,2.73,-7.17,0.00,-1.08
1095100,9.89,2.81,-7.07,0.00,-1.06
1098160,9.90,2.89,-7.01,0.00,-1.05
1101220,9.90,2.97,-6.93,0.00,-1.04
1104280,9.89,3.05,-6.84,0.00,-1.03
1107340,9.90,3.12,-6.78,0.00,-1.02
1110400,9.90,3.20,-6.71,0.00,-1.01
1113460,9.89,3.27,-6.62,0.00,-0.99
1116520,9.94,3.34,-6.60,0.00,-0.99
1119580,9.90,3.41,-6.49,0.00,-0.97
1122640,9.94,3.48,-6.46,0.00,-0.97
1125700,9.89,3.55,-6.34,0.00,-0.95
1128760,9.90,3.62,-6.29,0.00,-0.94
1131820,9.92,3.68,-6.24,0.00,-0.94
1134880,9.92,3.75,-6.17,0.00,-0.93
1137940,9.94,3.81,-6.13,0.00,-0.92
1141000,9.90,3.87,-6.03,0.00,-0.90
1144060,9.90,3.93,-5.97,0.00,-0.90
1147120,9.96,3.99,-5.97,0.00,-0.89
1150180,9.92,4.05,-5.87,0.00,-0.88
1153240,9.94,4.10,-5.83,0.00,-0.88
1156300,9.90,4.16,-5.75,0.00,-0.86
1159360,9.92,4.21,-5.71,0.00,-0.86
1162420,9.90,4.26,-5.64,0.00,-0.85
1165480,9.92,4.31,-5.61,0.00,-0.84
1168540,9.96,4.36,-5.60,0.00,-0.84
1171600,9.90,4.41,-5.50,0.00,-0.82
1174660,9.94,4.45,-5.49,0.00,-0.82
1177720,9.90,4.49,-5.41,0.00,-0.81
1180780,9.94,4.53,-5.40,0.00,-0.81
1183840,9.94,4.57,-5.36,0.00,-0.80
1186900,9.94,4.61,-5.33,0.00,-0.80
1189960,9.92,4.65,-5.27,0.00,-0.79
1193020,9.92,4.68,-5.24,0.00,-0.79
1196080,9.90,4.72,-5.19,0.00,-0.78
1199140,9.92,4.75,-5.17,0.00,-0.78
1202200,9.96,4.78,-5.18,0.00,-0.78
1205268,9.90,4.80,-5.10,0.00,-0.77
1208328,9.90,4.83,-5.07,0.00,-0.76
1211380,9.94,4.85,-5.09,0.00,-0.76
1214440,9.92,4.88,-5.05,0.00,-0.76
1217500,9.92,4.90,-5.03,0.00,-0.75
1220560,9.94,4.91,-5.02,0.00,-0.75
1223620,9.94,4.93,-5.01,0.00,-0.75
1226680,9.94,4.95,-4.99,0.00,-0.75
1229740,9.94,4.96,-4.98,0.00,-0.75
1232800,9.90,4.97,-4.93,0.00,-0.74
1235860,9.94,4.98,-4.96,0.00,-0.74
1238920,9.89,4.99,-4.90,0.00,-0.73
1241980,9.92,4.99,-4.93,0.00,-0.74
1245040,9.94,5.00,-4.94,0.00,-0.74
1248100,9.94,5.00,-4.94,0.00,-0.74
1251160,9.89,5.00,-4.89,0.00,-0.73
1254220,9.90,5.00,-4.91,0.00,-0.74
1257280,9.89,4.99,-4.89,0.00,-0.73
1260340,9.90,4.99,-4.91,0.00,-0.74
1263400,9.94,4.98,-4.96,0.00,-0.74
1266460,9.90,4.97,-4.93,0.00,-0.74
1269520,9.90,4.96,-4.94,0.00,-0.74
1272580,9.92,4.95,-4.97,0.00,-0.75
1275640,9.89,4.94,-4.95,0.00,-0.74
1278700,9.92,4.92,-5.00,0.00,-0.75
1281760,9.92,4.90,-5.02,0.00,-0.75
1284820,9.90,4.88,-5.02,0.00,-0.75
1287880,9.92,4.86,-5.06,0.00,-0.76
1290940,9.92,4.84,-5.09,0.00,-0.76
1294000,9.94,4.81,-5.13,0.00,-0.77
1297060,9.92,4.78,-5.14,0.00,-0.77
1300120,9.90,4.75,-5.15,0.00,-0.77
1303180,9.92,4.72,-5.20,0.00,-0.78
1306240,9.94,4.69,-5.25,0.00,-0.79
1309300,9.92,4.66,-5.26,0.00,-0.79
1312360,9.90,4.62,-5.28,0.00,-0.79
1315420,9.94,4.58,-5.36,0.00,-0.80
1318480,9.92,4.54,-5.38,0.00,-0.81
1321540,9.92,4.50,-5.42,0.00,-0.81
1324600,9.92,4.46,-5.46,0.00,-0.82
1327660,9.90,4.42,-5.49,0.00,-0.82
1330720,9.90,4.37,-5.53,0.00,-0.83
1333780,9.94,4.32,-5.62,0.00,-0.84
1336840,9.94,4.27,-5.66,0.00,-0.85
1339900,9.90,4.22,-5.68,0.00,-0.85
1342960,9.92,4.17,-5.75,0.00,-0.86
1346020,9.94,4.12,-5.82,0.00,-0.87
1349080,9.92,4.06,-5.86,0.00,-0.88
1352140,9.96,4.01,-5.95,0.00,-0.89
1355200,9.90,3.95,-5.96,0.00,-0.89
1358260,9.92,3.89,-6.03,0.00,-0.91
1361320,9.90,3.83,-6.08,0.00,-0.91
1364380,9.92,3.76,-6.16,0.00,-0.92
1367440,9.90,3.70,-6.20,0.00,-0.93
1370500,9.92,3.63,-6.29,0.00,-0.94
1373560,9.92,3.57,-6.35,0.00,-0.95
1376620,9.94,3.50,-6.44,0.00,-0.97
1379680,9.90,3.43,-6.47,0.00,-0.97
1382740,9.90,3.36,-6.54,0.00,-0.98
1385800,9.94,3.29,-6.65,0.00,-1.00
1388860,9.94,3.21,-6.72,0.00,-1.01
1391920,9.92,3.14,-6.78,0.00,-1.02
1394980,9.92,3.07,-6.86,0.00,-1.03
1398040,9.92,2.99,-6.93,0.00,-1.04
1401100,9.94,2.91,-7.03,0.00,-1.05
1404160,9.90,2.83,-7.07,0.00,-1.06
1407220,9.92,2.75,-7.17,0.00,-1.08
1410280,9.94,2.67,-7.27,0.00,-1.09
1413340,9.94,2.59,-7.35,0.00,-1.10
1416400,9.92,2.51,-7.41,0.00,-1.11
1419460,9.90,2.42,-7.48,0.00,-1.12
1422520,9.90,2.34,-7.56,0.00,-1.13
1425580,9.96,2.25,-7.70,0.00,-1.16
1428640,9.92,2.17,-7.75,0.00,-1.16
1431700,9.94,2.08,-7.86,0.00,-1.18
1434760,9.92,1.99,-7.93,0.00,-1.19
1437820,9.90,1.90,-8.00,0.00,-1.20
1440880,9.94,1.81,-8.12,0.00,-1.22
1443940,9.90,1.72,-8.18,0.00,-1.23
1447000,9.94,1.63,-8.30,0.00,-1.25
1450060,9.92,1.54,-8.38,0.00,-1.26
1453120,9.94,1.45,-8.49,0.00,-1.27
1456180,9.90,1.36,-8.54,0.00,-1.28
1459240,9.90,1.27,-8.64,0.00,-1.30
1462300,9.94,1.17,-8.77,0.00,-1.31
1465364,9.94,1.08,-8.86,0.00,-1.33
1468428,9.94,0.99,-8.95,0.00,-1.34
1471480,9.90,0.89,-9.01,0.00,-1.35
1474540,9.90,0.80,-9.11,0.00,-1.37
1477600,9.90,0.70,-9.20,0.00,-1.38
1480660,9.92,0.61,-9.32,0.00,-1.40
1483720,9.90,0.51,-9.39,0.00,-1.41
1486780,9.90,0.41,-9.49,0.00,-1.42
1489840,9.94,0.32,-9.62,0.00,-1.44
1492900,9.90,0.22,-9.68,0.00,-1.45
1495960,9.92,0.13,-9.79,0.00,-1.47
1499020,9.92,0.03,-9.89,0.00,-1.48
1502080,9.92,-0.07,-9.99,0.00,-1.50
1505224,9.92,-0.16,-10.09,0.00,-1.51
1508456,9.90,-0.27,-10.17,0.00,-1.53
1511684,9.90,-0.37,-10.27,0.00,-1.54
1514916,9.92,-0.47,-10.39,0.00,-1.56
1518144,9.89,-0.57,-10.46,0.00,-1.57
1521376,9.92,-0.67,-10.59,0.00,-1.59
1524604,9.94,-0.77,-10.71,0.00,-1.61
1527836,9.92,-0.87,-10.79,0.00,-1.62
1531064,9.92,-0.97,-10.89,0.00,-1.63
1534296,9.96,-1.07,-11.03,0.00,-1.65
1537524,9.90,-1.17,-11.07,0.00,-1.66
1540756,9.92,-1.27,-11.19,0.00,-1.68
1543984,9.90,-1.36,-11.27,0.00,-1.69
1547216,9.92,-1.46,-11.38,0.00,-1.71
1550444,9.92,-1.56,-11.48,0.00,-1.72
1553676,9.92,-1.65,-11.58,0.00,-1.74
1556904,9.90,-1.75,-11.65,0.00,-1.75
1560136,9.92,-1.84,-11.77,0.00,-1.76
1563364,9.92,-1.94,-11.86,0.00,-1.78
1566596,9.89,-2.03,-11.92,0.00,-1.79
1569824,9.92,-2.12,-12.05,0.00,-1.81
1573056,9.90,-2.22,-12.12,0.00,-1.82
1576284,9.90,-2.31,-12.21,0.00,-1.83
1579516,9.94,-2.40,-12.33,0.00,-1.85
1582744,9.90,-2.48,-12.39,0.00,-1.86
1585976,9.96,-2.57,-12.53,0.00,-1.88
1589204,9.92,-2.66,-12.58,0.00,-1.89
1592436,9.92,-2.74,-12.66,0.00,-1.90
1595664,9.90,-2.83,-12.73,0.00,-1.91
1598896,9.92,-2.91,-12.83,0.00,-1.92
1602124,9.90,-2.99,-12.90,0.00,-1.93
1605356,9.90,-3.07,-12.98,0.00,-1.95
1608584,9.92,-3.15,-13.07,0.00,-1.96
1611816,9.94,-3.23,-13.17,0.00,-1.98
1615044,9.96,-3.31,-13.26,0.00,-1.99
1618276,9.90,-3.38,-13.29,0.00,-1.99
1621504,9.92,-3.46,-13.38,0.00,-2.01
1624736,9.90,-3.53,-13.43,0.00,-2.02
1627964,9.90,-3.60,-13.50,0.00,-2.03
1631196,9.90,-3.67,-13.57,0.00,-2.04
1634424,9.92,-3.74,-13.66,0.00,-2.05
1637656,9.92,-3.81,-13.73,0.00,-2.06
1640884,9.90,-3.87,-13.77,0.00,-2.07
1644116,9.90,-3.93,-13.84,0.00,-2.08
1647344,9.90,-4.00,-13.90,0.00,-2.08
1650576,9.94,-4.06,-13.99,0.00,-2.10
1653804,9.89,-4.11,-14.00,0.00,-2.10
1657036,9.92,-4.17,-14.09,0.00,-2.11
1660264,9.94,-4.23,-14.16,0.00,-2.12
1663496,9.90,-4.28,-14.18,0.00,-2.13
1666724,9.92,-4.33,-14.25,0.00,-2.14
1669956,9.90,-4.38,-14.28,0.00,-2.14
1673184,9.94,-4.43,-14.37,0.00,-2.16
1676416,9.94,-4.48,-14.41,0.00,-2.16
1679644,9.90,-4.52,-14.42,0.00,-2.16
1682876,9.92,-4.56,-14.48,0.00,-2.17
1686104,9.90,-4.60,-14.51,0.00,-2.18
1689336,9.92,-4.64,-14.56,0.00,-2.18
1692564,9.89,-4.68,-14.56,0.00,-2.18
1695796,9.90,-4.71,-14.62,0.00,-2.19
1699024,9.94,-4.75,-14.68,0.00,-2.20
1702256,9.90,-4.78,-14.68,0.00,-2.20
1705484,9.92,-4.81,-14.73,0.00,-2.21
1708716,9.90,-4.83,-14.74,0.00,-2.21
1711944,9.89,-4.86,-14.74,0.00,-2.21
1715176,9.92,-4.88,-14.80,0.00,-2.22
1718404,9.89,-4.90,-14.79,0.00,-2.22
1721636,9.89,-4.92,-14.81,0.00,-2.22
1724864,9.90,-4.94,-14.84,0.00,-2.23
1728096,9.90,-4.95,-14.86,0.00,-2.23
1731324,9.94,-4.97,-14.90,0.00,-2.24
1734556,9.90,-4.98,-14.88,0.00,-2.23
1737784,9.90,-4.99,-14.89,0.00,-2.23
1741016,9.90,-4.99,-14.90,0.00,-2.23
1744244,9.92,-5.00,-14.92,0.00,-2.24
1747476,9.92,-5.00,-14.92,0.00,-2.24
1750704,9.92,-5.00,-14.92,0.00,-2.24
1753936,9.94,-5.00,-14.94,0.00,-2.24
1757164,9.96,-4.99,-14.95,0.00,-2.24
1760396,9.94,-4.99,-14.93,0.00,-2.24
1763624,9.90,-4.98,-14.89,0.00,-2.23
1766856,9.90,-4.97,-14.88,0.00,-2.23
1770084,9.87,-4.96,-14.83,0.00,-2.22
1773316,9.94,-4.95,-14.89,0.00,-2.23
1776544,9.92,-4.93,-14.85,0.00,-2.23
1779776,9.92,-4.91,-14.83,0.00,-2.23
1783004,9.92,-4.89,-14.81,0.00,-2.22
1786236,9.89,-4.87,-14.76,0.00,-2.21
1789464,9.96,-4.85,-14.80,0.00,-2.22
1792696,9.94,-4.82,-14.76,0.00,-2.21
1795924,9.92,-4.79,-14.71,0.00,-2.21
1799156,9.90,-4.76,-14.67,0.00,-2.20
1802384,9.92,-4.73,-14.65,0.00,-2.20
1805616,9.94,-4.70,-14.64,0.00,-2.20
1808844,9.92,-4.66,-14.58,0.00,-2.19
1812076,9.92,-4.62,-14.55,0.00,-2.18
1815304,9.90,-4.58,-14.49,0.00,-2.17
1818536,9.90,-4.54,-14.45,0.00,-2.17
1821764,9.96,-4.50,-14.46,0.00,-2.17
1824996,9.96,-4.46,-14.41,0.00,-2.16
1828224,9.94,-4.41,-14.35,0.00,-2.15
1831456,9.92,-4.36,-14.28,0.00,-2.14
1834684,9.92,-4.31,-14.23,0.00,-2.13
1837916,9.90,-4.26,-14.16,0.00,-2.12
1841144,9.92,-4.20,-14.12,0.00,-2.12
1844376,9.90,-4.15,-14.05,0.00,-2.11
1847604,9.92,-4.09,-14.01,0.00,-2.10
1850836,9.90,-4.03,-13.93,0.00,-2.09
1854064,9.92,-3.97,-13.89,0.00,-2.08
1857296,9.92,-3.91,-13.83,0.00,-2.07
1860524,9.92,-3.84,-13.76,0.00,-2.06
1863756,9.92,-3.78,-13.70,0.00,-2.05
1866984,9.90,-3.71,-13.61,0.00,-2.04
1870216,9.94,-3.64,-13.58,0.00,-2.04
1873444,9.90,-3.57,-13.47,0.00,-2.02
1876676,9.92,-3.50,-13.42,0.00,-2.01
1879904,9.92,-3.42,-13.35,0.00,-2.00
1883140,9.94,-3.35,-13.29,0.00,-1.99
1886364,9.94,-3.27,-13.21,0.00,-1.98
1889596,9.90,-3.20,-13.10,0.00,-1.97
1892824,9.90,-3.12,-13.02,0.00,-1.95
1896056,9.92,-3.04,-12.96,0.00,-1.94
1899284,9.90,-2.96,-12.86,0.00,-1.93
1902516,9.94,-2.87,-12.81,0.00,-1.92
1905744,9.90,-2.79,-12.69,0.00,-1.90
1908976,9.94,-2.71,-12.65,0.00,-1.90
1912204,9.94,-2.62,-12.56,0.00,-1.88
1915436,9.92,-2.53,-12.45,0.00,-1.87
1918664,9.90,-2.45,-12.35,0.00,-1.85
1921896,9.90,-2.36,-12.26,0.00,-1.84
1925132,9.90,-2.27,-12.17,0.00,-1.83
1928356,9.90,-2.18,-12.08,0.00,-1.81
1931584,9.92,-2.08,-12.01,0.00,-1.80
1934816,9.94,-1.99,-11.93,0.00,-1.79
1938044,9.94,-1.90,-11.84,0.00,-1.78
1941276,9.89,-1.80,-11.69,0.00,-1.75
1944504,9.96,-1.71,-11.66,0.00,-1.75
1947736,9.92,-1.61,-11.53,0.00,-1.73
1950964,9.92,-1.52,-11.44,0.00,-1.72
1954196,9.92,-1.42,-11.34,0.00,-1.70
1957424,9.94,-1.32,-11.26,0.00,-1.69
1960656,9.94,-1.22,-11.16,0.00,-1.67
1963884,9.96,-1.12,-11.08,0.00,-1.66
1967120,9.92,-1.03,-10.95,0.00,-1.64
1970344,9.90,-0.93,-10.83,0.00,-1.62
1973576,9.90,-0.83,-10.73,0.00,-1.61
1976804,9.94,-0.73,-10.66,0.00,-1.60
1980036,9.90,-0.63,-10.53,0.00,-1.58
1983264,9.92,-0.52,-10.45,0.00,-1.57
1986496,9.92,-0.42,-10.35,0.00,-1.55
1989724,9.96,-0.32,-10.28,0.00,-1.54
1992956,9.90,-0.22,-10.13,0.00,-1.52
1996184,9.92,-0.12,-10.04,0.00,-1.51
1999416,9.92,-0.02,-9.94,0.00,-1.49
2002560,9.90,0.08,-9.82,0.00,-1.47
2005620,9.90,0.18,-9.73,0.00,-1.46
2008680,9.94,0.27,-9.67,0.00,-1.45
2011740,9.89,0.37,-9.52,0.00,-1.43
2014800,9.94,0.46,-9.47,0.00,-1.42
2017860,9.94,0.56,-9.38,0.00,-1.41
2020920,9.94,0.66,-9.28,0.00,-1.39
2023980,9.90,0.75,-9.15,0.00,-1.37
2027040,9.89,0.85,-9.04,0.00,-1.36
2030100,9.92,0.94,-8.98,0.00,-1.35
2033160,9.94,1.03,-8.90,0.00,-1.34
2036220,9.92,1.13,-8.79,0.00,-1.32
2039280,9.71,1.22,-8.49,0.00,-1.27
2042340,6.32,1.31,-5.01,0.00,-0.75
2045400,-1.48,1.41,2.88,0.00,0.43
2048376,-6.76,1.50,8.25,0.00,1.24
2051352,-6.56,1.59,8.15,0.00,1.22
2054324,1.83,1.67,-0.15,0.00,-0.02
2057384,9.75,1.76,-7.98,0.00,-1.20
2060444,10.53,1.85,-8.68,0.00,-1.30
2063592,10.39,1.95,-8.45,0.00,-1.27
2066736,8.30,2.04,-6.26,0.00,-0.94
2069796,-1.25,2.12,3.37,0.00,0.51
2072772,-8.35,2.21,10.56,0.00,1.58
2075832,-9.36,2.29,11.66,0.00,1.75
2078892,-5.06,2.38,7.44,0.00,1.12
2081864,7.23,2.46,-4.77,0.00,-0.72
2084924,10.57,2.54,-8.03,0.00,-1.20
2088072,10.55,2.63,-7.92,0.00,-1.19
2091216,9.94,2.71,-7.23,0.00,-1.08
2094276,-2.16,2.79,4.95,0.00,0.74
2097252,-10.11,2.87,12.98,0.00,1.95
2100396,-10.10,2.95,13.05,0.00,1.96
2103540,-8.78,3.03,11.81,0.00,1.77
2106600,7.53,3.10,-4.42,0.00,-0.66
2109660,10.53,3.18,-7.35,0.00,-1.10
2112804,10.45,3.25,-7.19,0.00,-1.08
2115952,-1.15,3.33,4.47,0.00,0.67
2118924,-10.03,3.40,13.42,0.00,2.01
2122072,-10.06,3.47,13.53,0.00,2.03
2125216,-2.75,3.54,6.29,0.00,0.94
2128192,10.29,3.61,-6.68,0.00,-1.00
2131336,10.55,3.67,-6.88,0.00,-1.03
2134480,10.45,3.74,-6.71,0.00,-1.01
2137624,2.67,3.80,1.14,0.00,0.17
2140516,-9.83,3.86,13.70,0.00,2.05
2143576,-10.06,3.92,13.98,0.00,2.10
2146720,-10.03,3.98,14.01,0.00,2.10
2149864,-8.58,4.04,12.62,0.00,1.89
2152924,6.76,4.10,-2.66,0.00,-0.40
2155984,10.57,4.15,-6.42,0.00,-0.96
2159132,10.59,4.21,-6.38,0.00,-0.96
2162276,10.45,4.26,-6.19,0.00,-0.93
2165420,9.38,4.31,-5.07,0.00,-0.76
2168480,6.79,4.36,-2.43,0.00,-0.37
2171540,3.56,4.40,0.85,0.00,0.13
2174432,2.00,4.45,2.45,0.00,0.37
2177320,2.25,4.49,2.24,0.00,0.34
2180212,3.47,4.53,1.06,0.00,0.16
2183100,5.43,4.56,-0.86,0.00,-0.13
2186160,7.47,4.60,-2.87,0.00,-0.43
2189220,8.91,4.64,-4.27,0.00,-0.64
2192280,9.68,4.67,-5.00,0.00,-0.75
2195340,10.04,4.71,-5.34,0.00,-0.80
2198484,10.25,4.74,-5.51,0.00,-0.83
2201632,10.27,4.77,-5.50,0.00,-0.83
2204776,10.25,4.80,-5.45,0.00,-0.82
2207920,10.29,4.83,-5.46,0.00,-0.82
2211064,10.27,4.85,-5.42,0.00,-0.81
2214212,10.27,4.87,-5.40,0.00,-0.81
2217356,10.27,4.90,-5.38,0.00,-0.81
2220500,10.27,4.91,-5.36,0.00,-0.80
2223644,10.29,4.93,-5.36,0.00,-0.80
2226792,10.29,4.95,-5.34,0.00,-0.80
2229936,10.27,4.96,-5.31,0.00,-0.80
2233080,10.29,4.97,-5.32,0.00,-0.80
2236224,10.27,4.98,-5.29,0.00,-0.79
2239372,10.25,4.99,-5.26,0.00,-0.79
2242516,10.29,4.99,-5.29,0.00,-0.79
2245660,10.27,5.00,-5.27,0.00,-0.79
2248804,10.24,5.00,-5.24,0.00,-0.79
2251952,10.29,5.00,-5.29,0.00,-0.79
2255096,10.29,5.00,-5.29,0.00,-0.79
2258240,10.27,4.99,-5.28,0.00,-0.79
2261384,10.27,4.99,-5.28,0.00,-0.79
2264532,10.27,4.98,-5.29,0.00,-0.79
2267676,10.25,4.97,-5.28,0.00,-0.79
2270820,10.29,4.96,-5.33,0.00,-0.80
2273964,10.27,4.94,-5.33,0.00,-0.80
2277112,10.29,4.93,-5.36,0.00,-0.80
2280256,10.27,4.91,-5.36,0.00,-0.80
2283400,10.27,4.89,-5.38,0.00,-0.81
2286544,10.27,4.87,-5.40,0.00,-0.81
2289692,10.25,4.85,-5.41,0.00,-0.81
2292836,10.27,4.82,-5.45,0.00,-0.82
2295980,10.27,4.79,-5.48,0.00,-0.82
2299124,10.27,4.76,-5.51,0.00,-0.83
2302272,10.27,4.73,-5.54,0.00,-0.83
2305416,10.27,4.70,-5.57,0.00,-0.84
2308560,10.27,4.67,-5.61,0.00,-0.84
2311704,10.29,4.63,-5.66,0.00,-0.85
2314852,10.27,4.59,-5.68,0.00,-0.85
2317996,10.29,4.55,-5.74,0.00,-0.86
2321140,10.27,4.51,-5.76,0.00,-0.86
2324284,10.27,4.47,-5.81,0.00,-0.87
2327432,10.25,4.42,-5.83,0.00,-0.88
2330576,10.31,4.37,-5.93,0.00,-0.89
2333720,10.25,4.32,-5.93,0.00,-0.89
2336864,10.29,4.27,-6.01,0.00,-0.90
2340012,10.27,4.22,-6.05,0.00,-0.91
2343156,10.27,4.17,-6.10,0.00,-0.92
2346300,10.27,4.11,-6.16,0.00,-0.92
2349444,10.27,4.06,-6.22,0.00,-0.93
2352592,10.27,4.00,-6.27,0.00,-0.94
2355736,10.27,3.94,-6.33,0.00,-0.95
2358880,10.29,3.87,-6.41,0.00,-0.96
2362024,10.27,3.81,-6.46,0.00,-0.97
2365172,10.27,3.75,-6.52,0.00,-0.98
2368316,10.27,3.68,-6.59,0.00,-0.99
2371460,10.27,3.61,-6.66,0.00,-1.00
2374604,10.27,3.54,-6.73,0.00,-1.01
2377752,9.33,3.47,-5.85,0.00,-0.88
2380816,3.38,3.40,0.02,0.00,0.00
2383700,-3.66,3.34,7.00,0.00,1.05
2386676,-4.50,3.27,7.77,0.00,1.17
2389652,3.21,3.20,-0.01,0.00,-0.00
2392712,9.82,3.12,-6.70,0.00,-1.00
2395772,10.52,3.05,-7.47,0.00,-1.12
2398916,10.27,2.97,-7.30,0.00,-1.10
2402060,7.09,2.89,-4.20,0.00,-0.63
2405120,-3.75,2.81,6.56,0.00,0.98
2408096,-9.50,2.73,12.23,0.00,1.83
2411156,-9.97,2.65,12.62,0.00,1.89
2414216,-7.61,2.57,10.18,0.00,1.53
2417276,5.25,2.48,-2.77,0.00,-0.42
2420336,10.52,2.40,-8.12,0.00,-1.22
2423480,10.57,2.31,-8.26,0.00,-1.24
2426624,10.24,2.22,-8.01,0.00,-1.20
2429772,0.88,2.14,1.25,0.00,0.19
2432660,-10.06,2.05,12.11,0.00,1.82
2435804,-10.17,1.96,12.13,0.00,1.82
2438952,-10.18,1.87,12.05,0.00,1.81
2442096,-3.24,1.78,5.02,0.00,0.75
2445072,9.80,1.69,-8.11,0.00,-1.22
2448132,10.55,1.60,-8.95,0.00,-1.34
2451276,10.57,1.51,-9.06,0.00,-1.36
2454420,10.01,1.41,-8.60,0.00,-1.29
2457564,-0.53,1.32,1.85,0.00,0.28
2460540,-10.13,1.23,11.36,0.00,1.70
2463684,-10.15,1.13,11.28,0.00,1.69
2466836,-10.10,1.03,11.13,0.00,1.67
2469976,-0.48,0.94,1.42,0.00,0.21
2472952,10.34,0.85,-9.50,0.00,-1.42
2476096,10.53,0.75,-9.79,0.00,-1.47
2479240,10.43,0.65,-9.78,0.00,-1.47
2482384,3.72,0.55,-3.16,0.00,-0.47
2485444,-9.80,0.46,10.26,0.00,1.54
2488504,-10.18,0.36,10.54,0.00,1.58
2491652,-10.17,0.26,10.43,0.00,1.56
2494796,-10.04,0.16,10.21,0.00,1.53
2497940,-0.59,0.06,0.65,0.00,0.10
2500916,10.22,-0.03,-10.25,0.00,-1.54
2504232,10.55,-0.13,-10.68,0.00,-1.60
2507544,10.59,-0.24,-10.82,0.00,-1.62
2510868,8.31,-0.34,-8.65,0.00,-1.30
2514004,-7.32,-0.44,6.88,0.00,1.03
2517064,-10.10,-0.54,9.56,0.00,1.43
2520212,-10.20,-0.63,9.57,0.00,1.44
2523356,-4.59,-0.73,3.86,0.00,0.58
2526416,9.68,-0.83,-10.50,0.00,-1.58
2529644,10.57,-0.93,-11.49,0.00,-1.72
2532960,10.57,-1.03,-11.60,0.00,-1.74
2536276,10.36,-1.13,-11.49,0.00,-1.72
2539592,2.67,-1.23,-3.90,0.00,-0.58
2542736,-9.78,-1.33,8.45,0.00,1.27
2545796,-10.11,-1.42,8.69,0.00,1.30
2548940,-10.10,-1.51,8.58,0.00,1.29
2552084,-9.61,-1.61,8.00,0.00,1.20
2555144,2.11,-1.70,-3.80,0.00,-0.57
2558292,10.55,-1.79,-12.34,0.00,-1.85
2561604,10.55,-1.89,-12.44,0.00,-1.87
2564920,10.24,-1.98,-12.22,0.00,-1.83
2568236,-0.92,-2.08,-1.16,0.00,-0.17
2571464,-10.03,-2.17,7.86,0.00,1.18
2574612,-10.06,-2.26,7.80,0.00,1.17
2577756,-7.77,-2.35,5.42,0.00,0.81
2580816,8.21,-2.43,-10.64,0.00,-1.60
2584044,10.59,-2.52,-13.10,0.00,-1.97
2587360,10.57,-2.61,-13.18,0.00,-1.98
2590676,10.50,-2.70,-13.20,0.00,-1.98
2593992,7.07,-2.78,-9.86,0.00,-1.48
2597136,-7.68,-2.87,4.82,0.00,0.72
2600196,-10.11,-2.94,7.17,0.00,1.08
2603340,-10.13,-3.02,7.11,0.00,1.07
2606484,2.68,-3.10,-5.78,0.00,-0.87
2609632,10.55,-3.18,-13.73,0.00,-2.06
2612944,10.53,-3.26,-13.79,0.00,-2.07
2616260,2.12,-3.34,-5.46,0.00,-0.82
2619412,-10.15,-3.41,6.74,0.00,1.01
2622552,-10.15,-3.48,6.67,0.00,1.00
2625696,-7.93,-3.55,4.38,0.00,0.66
2628756,8.03,-3.62,-11.65,0.00,-1.75
2631984,10.57,-3.69,-14.26,0.00,-2.14
2635300,10.55,-3.76,-14.31,0.00,-2.15
2638616,10.39,-3.82,-14.22,0.00,-2.13
2641936,6.06,-3.89,-9.95,0.00,-1.49
2645076,-8.63,-3.95,4.68,0.00,0.70
2648136,-10.17,-4.01,6.16,0.00,0.92
2651280,-10.17,-4.07,6.10,0.00,0.91
2654424,-9.61,-4.13,5.48,0.00,0.82
2657484,-4.26,-4.18,0.08,0.00,0.01
2660544,4.87,-4.23,-9.10,0.00,-1.36
2663692,8.00,-4.28,-12.28,0.00,-1.84
2666920,5.74,-4.33,-10.08,0.00,-1.51
2670152,-2.54,-4.38,-1.84,0.00,-0.28
2673380,-9.48,-4.43,5.05,0.00,0.76
2676440,-10.22,-4.48,5.74,0.00,0.86
2679584,-10.22,-4.52,5.70,0.00,0.85
2682732,-10.22,-4.56,5.66,0.00,0.85
2685876,-10.24,-4.60,5.64,0.00,0.85
2689020,-10.22,-4.64,5.58,0.00,0.84
2692164,-10.08,-4.67,5.41,0.00,0.81
2695312,-9.13,-4.71,4.43,0.00,0.66
2698372,-6.77,-4.74,2.04,0.00,0.31
2701432,-2.74,-4.77,-2.03,0.00,-0.30
2704660,2.46,-4.80,-7.25,0.00,-1.09
2707804,3.12,-4.83,-7.95,0.00,-1.19
2710952,-3.42,-4.85,-1.43,0.00,-0.21
2714180,-9.31,-4.87,4.44,0.00,0.67
2717240,-10.25,-4.89,5.36,0.00,0.80
2720384,-10.25,-4.91,5.34,0.00,0.80
2723532,-10.24,-4.93,5.30,0.00,0.80
2726676,-10.24,-4.95,5.29,0.00,0.79
2729820,-10.24,-4.96,5.28,0.00,0.79
2732964,-10.24,-4.97,5.26,0.00,0.79
2736112,-10.27,-4.98,5.29,0.00,0.79
2739256,-10.22,-4.99,5.23,0.00,0.78
2742400,-10.11,-4.99,5.12,0.00,0.77
2745544,-9.68,-5.00,4.68,0.00,0.70
2748604,-8.37,-5.00,3.37,0.00,0.50
2751664,-6.18,-5.00,1.18,0.00,0.18
2754724,-2.72,-5.00,-2.28,0.00,-0.34
2757956,1.67,-4.99,-6.66,0.00,-1.00
2761100,6.01,-4.99,-10.99,0.00,-1.65
2764332,6.02,-4.98,-11.00,0.00,-1.65
2767560,-0.95,-4.97,-4.02,0.00,-0.60
2770792,-8.49,-4.96,3.53,0.00,0.53
2773852,-10.17,-4.94,5.22,0.00,0.78
2776996,-10.24,-4.93,5.31,0.00,0.80
2780140,-10.24,-4.91,5.33,0.00,0.80
2783284,-10.25,-4.89,5.36,0.00,0.80
2786432,-10.25,-4.87,5.38,0.00,0.81
2789576,-10.24,-4.85,5.39,0.00,0.81
2792720,-10.25,-4.82,5.43,0.00,0.81
2795864,-10.25,-4.79,5.46,0.00,0.82
2799012,-10.11,-4.76,5.35,0.00,0.80
2802156,-9.69,-4.73,4.96,0.00,0.74
2805216,-8.51,-4.70,3.80,0.00,0.57
2808276,-6.41,-4.67,1.74,0.00,0.26
2811336,-2.98,-4.63,-1.65,0.00,-0.25
2814564,1.39,-4.59,-5.98,0.00,-0.90
2817712,5.78,-4.55,-10.33,0.00,-1.55
2820940,5.85,-4.51,-10.36,0.00,-1.55
2824172,-1.25,-4.47,-3.22,0.00,-0.48
2827400,-8.56,-4.42,4.14,0.00,0.62
2830460,-10.20,-4.37,5.83,0.00,0.87
2833604,-10.24,-4.33,5.91,0.00,0.89
2836752,-10.25,-4.28,5.98,0.00,0.90
2839896,-10.24,-4.22,6.01,0.00,0.90
2843040,-10.27,-4.17,6.10,0.00,0.92
2846184,-10.24,-4.11,6.12,0.00,0.92
2849332,-10.27,-4.06,6.21,0.00,0.93
2852476,-10.27,-4.00,6.27,0.00,0.94
2855620,-10.17,-3.94,6.23,0.00,0.93
2858764,-9.83,-3.88,5.96,0.00,0.89
2861824,-8.68,-3.82,4.86,0.00,0.73
2864884,-6.63,-3.75,2.88,0.00,0.43
2867944,-3.30,-3.69,-0.39,0.00,-0.06
2871176,1.06,-3.62,-4.68,0.00,-0.70
2874320,5.53,-3.55,-9.08,0.00,-1.36
2877464,5.71,-3.48,-9.19,0.00,-1.38
2880612,-0.99,-3.41,-2.42,0.00,-0.36
2883840,-8.31,-3.33,4.98,0.00,0.75
2886900,-10.13,-3.26,6.87,0.00,1.03
2890044,-10.04,-3.19,6.86,0.00,1.03
2893192,-4.76,-3.11,1.65,0.00,0.25
2896252,7.98,-3.03,-11.01,0.00,-1.65
2899480,10.41,-2.95,-13.36,0.00,-2.00
2902796,10.32,-2.87,-13.19,0.00,-1.98
2906112,8.19,-2.78,-10.97,0.00,-1.65
2909340,-3.75,-2.70,1.05,0.00,0.16
2912400,-10.25,-2.62,7.64,0.00,1.15
2915544,-10.25,-2.53,7.72,0.00,1.16
2918692,-10.25,-2.44,7.81,0.00,1.17
2921836,-8.84,-2.36,6.48,0.00,0.97
2924896,4.34,-2.27,-6.62,0.00,-0.99
2928040,10.43,-2.18,-12.61,0.00,-1.89
2931356,10.55,-2.09,-12.64,0.00,-1.90
2934672,10.59,-2.00,-12.58,0.00,-1.89
2937984,9.36,-1.90,-11.26,0.00,-1.69
2941216,-4.17,-1.81,2.36,0.00,0.35
2944276,-10.24,-1.72,8.52,0.00,1.28
2947420,-10.22,-1.62,8.60,0.00,1.29
2950564,-7.04,-1.53,5.51,0.00,0.83
2953624,8.99,-1.44,-10.43,0.00,-1.56
2956856,10.57,-1.34,-11.91,0.00,-1.79
2960172,10.55,-1.24,-11.79,0.00,-1.77
2963484,10.55,-1.14,-11.69,0.00,-1.75
2966800,7.04,-1.04,-8.07,0.00,-1.21
2969944,-8.45,-0.94,7.51,0.00,1.13
2973004,-10.24,-0.84,9.39,0.00,1.41
2976152,-10.25,-0.75,9.51,0.00,1.43
2979296,-8.78,-0.65,8.14,0.00,1.22
2982356,7.14,-0.55,-7.69,0.00,-1.15
2985500,10.53,-0.45,-10.99,0.00,-1.65
2988816,10.57,-0.35,-10.92,0.00,-1.64
2992136,7.89,-0.25,-8.14,0.00,-1.22
2995276,-8.52,-0.15,8.37,0.00,1.26
2998336,-10.22,-0.05,10.17,0.00,1.52
3001564,-10.18,0.05,10.23,0.00,1.53
3004712,-0.46,0.15,0.61,0.00,0.09
3007684,10.38,0.24,-10.13,0.00,-1.52
3010916,10.57,0.34,-10.23,0.00,-1.53
3014144,10.39,0.44,-9.95,0.00,-1.49
3017292,2.54,0.54,-2.00,0.00,-0.30
3020352,-10.11,0.64,10.75,0.00,1.61
3023496,-10.27,0.74,11.01,0.00,1.65
3026640,-10.27,0.83,11.10,0.00,1.67
3029784,-7.54,0.93,8.47,0.00,1.27
3032760,8.28,1.02,-7.26,0.00,-1.09
3035820,10.55,1.12,-9.43,0.00,-1.42
3038964,10.57,1.21,-9.36,0.00,-1.40
3042112,6.63,1.31,-5.33,0.00,-0.80
3045172,-8.44,1.40,9.84,0.00,1.48
3048144,-10.32,1.49,11.81,0.00,1.77
3051292,-10.29,1.58,11.87,0.00,1.78
3054436,-8.91,1.68,10.58,0.00,1.59
3057496,4.06,1.77,-2.30,0.00,-0.34
3060556,10.52,1.86,-8.66,0.00,-1.30
3063700,10.55,1.95,-8.60,0.00,-1.29
3066844,10.25,2.04,-8.21,0.00,-1.23
3069992,0.08,2.13,2.05,0.00,0.31
3072880,-10.32,2.21,12.53,0.00,1.88
3076024,-10.31,2.30,12.60,0.00,1.89
3079176,-10.15,2.39,12.53,0.00,1.88
3082316,2.58,2.47,-0.11,0.00,-0.02
3085376,10.59,2.56,-8.03,0.00,-1.20
3088520,10.57,2.64,-7.93,0.00,-1.19
3091664,9.08,2.72,-6.36,0.00,-0.95
3094724,-5.22,2.80,8.02,0.00,1.20
3097700,-10.24,2.88,13.12,0.00,1.97
3100844,-10.24,2.96,13.20,0.00,1.98
3103992,-8.02,3.04,11.06,0.00,1.66
3107052,4.82,3.12,-1.70,0.00,-0.26
3110112,10.50,3.19,-7.31,0.00,-1.10
3113256,10.53,3.27,-7.27,0.00,-1.09
3116400,10.45,3.34,-7.11,0.00,-1.07
3119544,3.75,3.41,-0.34,0.00,-0.05
3122604,-9.90,3.48,13.39,0.00,2.01
3125664,-10.36,3.55,13.91,0.00,2.09
3128812,-10.32,3.62,13.94,0.00,2.09
3131956,-10.13,3.69,13.82,0.00,2.07
3135100,0.69,3.75,3.06,0.00,0.46
3137992,10.34,3.81,-6.53,0.00,-0.98
3141136,10.55,3.88,-6.68,0.00,-1.00
3144280,10.32,3.94,-6.39,0.00,-0.96
3147424,0.50,4.00,3.50,0.00,0.52
3150316,-10.01,4.05,14.06,0.00,2.11
3153460,-10.38,4.11,14.48,0.00,2.17
3156604,-10.39,4.16,14.56,0.00,2.18
3159752,-7.42,4.22,11.64,0.00,1.75
3162812,7.65,4.27,-3.38,0.00,-0.51
3165872,10.55,4.32,-6.23,0.00,-0.93
3169016,10.57,4.37,-6.20,0.00,-0.93
3172160,10.45,4.41,-6.03,0.00,-0.90
3175304,9.61,4.46,-5.15,0.00,-0.77
3178364,7.60,4.50,-3.09,0.00,-0.46
3181424,5.03,4.54,-0.48,0.00,-0.07
3184484,3.56,4.58,1.02,0.00,0.15
3187376,3.73,4.62,0.89,0.00,0.13
3190264,4.82,4.65,-0.16,0.00,-0.02
3193324,6.53,4.69,-1.84,0.00,-0.28
3196384,8.10,4.72,-3.38,0.00,-0.51
3199444,9.17,4.75,-4.42,0.00,-0.66
3202504,9.76,4.78,-4.98,0.00,-0.75
3205564,10.04,4.81,-5.24,0.00,-0.79
3208712,10.17,4.83,-5.33,0.00,-0.80
3211856,10.15,4.86,-5.29,0.00,-0.79
3215000,10.15,4.88,-5.27,0.00,-0.79
3218144,10.15,4.90,-5.25,0.00,-0.79
3221292,10.15,4.92,-5.23,0.00,-0.78
3224436,10.15,4.94,-5.21,0.00,-0.78
3227580,10.17,4.95,-5.22,0.00,-0.78
3230732,10.15,4.96,-5.19,0.00,-0.78
3233872,10.17,4.97,-5.19,0.00,-0.78
3237016,10.15,4.98,-5.17,0.00,-0.77
3240160,10.17,4.99,-5.18,0.00,-0.78
3243304,10.15,5.00,-5.15,0.00,-0.77
3246452,10.15,5.00,-5.15,0.00,-0.77
3249596,10.13,5.00,-5.13,0.00,-0.77
3252740,10.15,5.00,-5.15,0.00,-0.77
3255884,10.17,5.00,-5.17,0.00,-0.78
3259032,10.15,4.99,-5.16,0.00,-0.77
3262176,10.17,4.99,-5.18,0.00,-0.78
3265320,10.17,4.98,-5.19,0.00,-0.78
3268464,10.17,4.97,-5.20,0.00,-0.78
3271612,10.13,4.95,-5.18,0.00,-0.78
3274760,10.13,4.94,-5.19,0.00,-0.78
3277900,10.17,4.92,-5.24,0.00,-0.79
3281044,10.15,4.91,-5.24,0.00,-0.79
3284192,10.15,4.89,-5.26,0.00,-0.79
3287336,10.13,4.86,-5.27,0.00,-0.79
3290480,10.15,4.84,-5.31,0.00,-0.80
3293624,10.15,4.81,-5.34,0.00,-0.80
3296772,10.13,4.79,-5.35,0.00,-0.80
3299916,10.11,4.76,-5.36,0.00,-0.80
3303060,10.15,4.72,-5.42,0.00,-0.81
3306204,10.15,4.69,-5.46,0.00,-0.82
3309352,10.13,4.66,-5.47,0.00,-0.82
3312496,10.13,4.62,-5.51,0.00,-0.83
3315640,10.13,4.58,-5.55,0.00,-0.83
3318792,10.13,4.54,-5.59,0.00,-0.84
3321932,10.13,4.50,-5.63,0.00,-0.84
3325076,10.13,4.45,-5.68,0.00,-0.85
3328220,10.15,4.41,-5.74,0.00,-0.86
3331364,10.13,4.36,-5.77,0.00,-0.87
3334512,10.15,4.31,-5.84,0.00,-0.88
3337656,10.13,4.26,-5.87,0.00,-0.88
3340800,10.17,4.21,-5.96,0.00,-0.89
3343944,10.17,4.15,-6.01,0.00,-0.90
3347092,10.15,4.10,-6.05,0.00,-0.91
3350236,10.11,4.04,-6.07,0.00,-0.91
3353380,10.11,3.98,-6.13,0.00,-0.92
3356524,10.11,3.92,-6.19,0.00,-0.93
3359672,10.13,3.86,-6.27,0.00,-0.94
3362820,10.11,3.80,-6.32,0.00,-0.95
3365960,10.08,3.73,-6.35,0.00,-0.95
3369104,10.04,3.66,-6.38,0.00,-0.96
3372252,10.01,3.60,-6.41,0.00,-0.96
3375396,9.92,3.53,-6.39,0.00,-0.96
3378456,9.85,3.46,-6.39,0.00,-0.96
3381516,9.80,3.39,-6.41,0.00,-0.96
3384576,9.73,3.32,-6.41,0.00,-0.96
3387636,9.73,3.24,-6.49,0.00,-0.97
3390696,9.71,3.17,-6.54,0.00,-0.98
3393756,9.71,3.10,-6.62,0.00,-0.99
3396816,9.75,3.02,-6.73,0.00,-1.01
3399876,8.24,2.94,-5.30,0.00,-0.80
3402936,1.23,2.86,1.63,0.00,0.24
3405832,-5.20,2.79,7.99,0.00,1.20
3408800,-5.60,2.71,8.31,0.00,1.25
3411776,2.19,2.63,0.44,0.00,0.07
3414664,9.41,2.55,-6.86,0.00,-1.03
3417724,10.41,2.47,-7.94,0.00,-1.19
3420872,10.11,2.38,-7.73,0.00,-1.16
3424016,7.02,2.30,-4.72,0.00,-0.71
3427076,-3.03,2.21,5.24,0.00,0.79
3430052,-9.10,2.13,11.23,0.00,1.68
3433112,-9.73,2.04,11.77,0.00,1.77
3436172,-5.66,1.95,7.61,0.00,1.14
3439144,6.83,1.87,-4.96,0.00,-0.74
3442204,10.55,1.78,-8.77,0.00,-1.32
3445352,10.52,1.68,-8.83,0.00,-1.32
3448496,9.62,1.59,-8.03,0.00,-1.21
3451556,-3.56,1.50,5.06,0.00,0.76
3454532,-10.29,1.41,11.70,0.00,1.75
3457676,-10.29,1.31,11.60,0.00,1.74
3460820,-6.97,1.22,8.19,0.00,1.23
3463796,9.38,1.13,-8.25,0.00,-1.24
3466856,10.48,1.03,-9.45,0.00,-1.42
3470000,10.17,0.94,-9.23,0.00,-1.38
3473144,1.83,0.84,-0.99,0.00,-0.15
3476204,-9.97,0.74,10.72,0.00,1.61
3479264,-10.31,0.65,10.96,0.00,1.64
3482412,-10.29,0.55,10.84,0.00,1.63
3485556,-9.62,0.45,10.08,0.00,1.51
3488616,1.95,0.36,-1.59,0.00,-0.24
3491676,10.36,0.26,-10.10,0.00,-1.51
3494904,10.52,0.16,-10.36,0.00,-1.55
3498136,10.24,0.06,-10.18,0.00,-1.53
3501364,0.83,-0.04,-0.87,0.00,-0.13
3504512,-10.29,-0.14,10.15,0.00,1.52
3507740,-10.31,-0.24,10.06,0.00,1.51
3510972,-10.31,-0.34,9.96,0.00,1.49
3514116,-1.69,-0.44,1.24,0.00,0.19
3517176,10.17,-0.54,-10.70,0.00,-1.61
3520492,10.52,-0.64,-11.16,0.00,-1.67
3523804,10.27,-0.75,-11.02,0.00,-1.65
3527120,0.99,-0.85,-1.84,0.00,-0.28
3530264,-10.25,-0.95,9.31,0.00,1.40
3533412,-10.29,-1.04,9.25,0.00,1.39
3536556,-10.27,-1.14,9.13,0.00,1.37
3539700,-3.09,-1.23,1.85,0.00,0.28
3542760,9.89,-1.33,-11.21,0.00,-1.68
3545992,10.50,-1.42,-11.92,0.00,-1.79
3549304,10.53,-1.52,-12.06,0.00,-1.81
3552620,7.14,-1.62,-8.76,0.00,-1.31
3555764,-8.70,-1.72,6.98,0.00,1.05
3558824,-10.27,-1.81,8.46,0.00,1.27
3561972,-10.29,-1.90,8.39,0.00,1.26
3565116,-0.50,-1.99,-1.49,0.00,-0.22
3568344,10.43,-2.08,-12.51,0.00,-1.88
3571660,10.52,-2.18,-12.69,0.00,-1.90
3574976,7.84,-2.27,-10.11,0.00,-1.52
3578204,-8.87,-2.36,6.51,0.00,0.98
3581264,-9.80,-2.44,7.36,0.00,1.10
3584324,-9.59,-2.53,7.06,0.00,1.06
3587384,5.13,-2.61,-7.74,0.00,-1.16
3590532,10.55,-2.69,-13.24,0.00,-1.99
3593844,10.41,-2.78,-13.19,0.00,-1.98
3597160,4.34,-2.87,-7.21,0.00,-1.08
3600304,-9.69,-2.95,6.75,0.00,1.01
3603364,-9.80,-3.02,6.78,0.00,1.02
3606424,-9.92,-3.10,6.82,0.00,1.02
3609484,-4.10,-3.17,0.93,0.00,0.14
3612544,9.45,-3.25,-12.70,0.00,-1.90
3615776,10.57,-3.32,-13.89,0.00,-2.08
3619092,10.55,-3.40,-13.95,0.00,-2.09
3622404,8.98,-3.48,-12.45,0.00,-1.87
3625636,-4.68,-3.55,1.13,0.00,0.17
3628696,-10.03,-3.62,6.41,0.00,0.96
3631840,-10.04,-3.68,6.36,0.00,0.95
3634984,-9.97,-3.75,6.22,0.00,0.93
3638044,-7.19,-3.81,3.38,0.00,0.51
3641104,0.24,-3.87,-4.11,0.00,-0.62
3644252,7.77,-3.94,-11.71,0.00,-1.76
3647480,9.20,-4.00,-13.20,0.00,-1.98
3650712,6.67,-4.06,-10.73,0.00,-1.61
3653940,-2.84,-4.12,-1.28,0.00,-0.19
3657172,-9.73,-4.17,5.56,0.00,0.83
3660232,-10.01,-4.23,5.78,0.00,0.87
3663376,-10.03,-4.28,5.75,0.00,0.86
3666520,-10.04,-4.33,5.72,0.00,0.86
3669664,-10.04,-4.38,5.67,0.00,0.85
3672812,-9.52,-4.42,5.10,0.00,0.76
3675872,-7.39,-4.47,2.92,0.00,0.44
3678932,-3.31,-4.51,-1.20,0.00,-0.18
3682160,2.39,-4.55,-6.94,0.00,-1.04
3685304,3.65,-4.59,-8.24,0.00,-1.24
3688456,-2.25,-4.63,-2.38,0.00,-0.36
3691680,-8.37,-4.67,3.70,0.00,0.55
3694740,-9.89,-4.70,5.18,0.00,0.78
3697800,-10.06,-4.73,5.33,0.00,0.80
3700944,-10.10,-4.76,5.33,0.00,0.80
3704092,-10.10,-4.79,5.30,0.00,0.80
3707236,-10.10,-4.82,5.28,0.00,0.79
3710380,-10.08,-4.85,5.23,0.00,0.78
3713524,-10.03,-4.87,5.16,0.00,0.77
3716672,-9.96,-4.89,5.07,0.00,0.76
3719732,-9.78,-4.91,4.87,0.00,0.73
3722792,-9.31,-4.93,4.38,0.00,0.66
3725852,-8.40,-4.94,3.46,0.00,0.52
3728912,-6.91,-4.96,1.96,0.00,0.29
3731972,-4.71,-4.97,-0.26,0.00,-0.04
3735200,-1.72,-4.98,-3.26,0.00,-0.49
3738432,1.72,-4.99,-6.71,0.00,-1.01
3741576,0.76,-4.99,-5.75,0.00,-0.86
3744720,-3.87,-5.00,-1.12,0.00,-0.17
3747952,-6.16,-5.00,1.16,0.00,0.17
3751012,-6.55,-5.00,1.55,0.00,0.23
3754072,-6.18,-5.00,1.18,0.00,0.18
3757132,-5.52,-4.99,0.52,0.00,0.08
3760192,-4.61,-4.99,-0.38,0.00,-0.06
3763420,-3.17,-4.98,-1.81,0.00,-0.27
3766652,-1.42,-4.97,-3.55,0.00,-0.53
3769880,0.78,-4.96,-5.74,0.00,-0.86
3773024,3.30,-4.95,-8.24,0.00,-1.24
3776172,1.46,-4.93,-6.39,0.00,-0.96
3779316,-3.91,-4.92,-1.01,0.00,-0.15
3782544,-6.74,-4.90,1.84,0.00,0.28
3785604,-7.47,-4.88,2.60,0.00,0.39
3788664,-7.26,-4.85,2.41,0.00,0.36
3791724,-6.72,-4.83,1.89,0.00,0.28
3794784,-5.88,-4.80,1.08,0.00,0.16
3797844,-4.62,-4.78,-0.15,0.00,-0.02
3801076,-2.79,-4.74,-1.96,0.00,-0.29
3804304,-0.57,-4.71,-4.14,0.00,-0.62
3807536,2.12,-4.68,-6.80,0.00,-1.02
3810680,0.43,-4.64,-5.07,0.00,-0.76
3813824,-4.78,-4.60,0.18,0.00,0.03
3816884,-7.28,-4.56,2.72,0.00,0.41
3819944,-7.98,-4.52,3.46,0.00,0.52
3823004,-7.81,-4.48,3.32,0.00,0.50
3826064,-7.30,-4.44,2.86,0.00,0.43
3829124,-6.53,-4.39,2.13,0.00,0.32
3832184,-5.31,-4.35,0.96,0.00,0.14
3835244,-3.59,-4.30,-0.71,0.00,-0.11
3838476,-1.44,-4.25,-2.80,0.00,-0.42
3841704,1.20,-4.19,-5.39,0.00,-0.81
3844852,4.10,-4.14,-8.24,0.00,-1.24
3847996,2.68,-4.08,-6.77,0.00,-1.01
3851140,-5.32,-4.02,1.30,0.00,0.19
3854200,-9.92,-3.97,5.96,0.00,0.89
3857260,-10.08,-3.91,6.17,0.00,0.93
3860404,-10.08,-3.84,6.23,0.00,0.94
3863552,-10.10,-3.78,6.32,0.00,0.95
3866696,-10.08,-3.72,6.36,0.00,0.95
3869840,-9.75,-3.65,6.10,0.00,0.91
3872900,-8.09,-3.58,4.50,0.00,0.68
3875960,-4.45,-3.51,0.94,0.00,0.14
3879020,0.62,-3.45,-4.07,0.00,-0.61
3882164,5.97,-3.37,-9.34,0.00,-1.40
3885312,6.74,-3.30,-10.04,0.00,-1.51
3888540,1.32,-3.22,-4.54,0.00,-0.68
3891684,-6.06,-3.15,2.91,0.00,0.44
3894744,-9.20,-3.07,6.13,0.00,0.92
3897804,-9.97,-2.99,6.98,0.00,1.05
3900864,-9.47,-2.92,6.55,0.00,0.98
3903924,-3.51,-2.84,0.67,0.00,0.10
3906984,5.92,-2.76,-8.68,0.00,-1.30
3910132,8.82,-2.68,-11.50,0.00,-1.72
3913360,7.37,-2.59,-9.96,0.00,-1.49
3916504,0.60,-2.50,-3.11,0.00,-0.47
3919652,-7.51,-2.42,5.09,0.00,0.76
3922712,-9.99,-2.33,7.66,0.00,1.15
3925772,-9.99,-2.25,7.74,0.00,1.16
3928832,-6.08,-2.16,3.91,0.00,0.59
3931892,6.48,-2.07,-8.55,0.00,-1.28
3935036,10.03,-1.98,-12.01,0.00,-1.80
3938352,9.97,-1.89,-11.86,0.00,-1.78
3941580,7.60,-1.79,-9.39,0.00,-1.41
3944724,-2.56,-1.70,0.86,0.00,0.13
3947784,-9.92,-1.61,8.31,0.00,1.25
3950844,-10.17,-1.52,8.65,0.00,1.30
3953992,-10.03,-1.43,8.60,0.00,1.29
3957136,-4.90,-1.33,3.57,0.00,0.54
3960196,8.16,-1.24,-9.39,0.00,-1.41
3963340,10.46,-1.14,-11.60,0.00,-1.74
3966656,10.50,-1.04,-11.54,0.00,-1.73
3969972,9.40,-0.94,-10.33,0.00,-1.55
3973200,0.45,-0.84,-1.28,0.00,-0.19
3976344,-9.66,-0.74,8.92,0.00,1.34
3979404,-10.17,-0.65,9.52,0.00,1.43
3982552,-10.10,-0.55,9.55,0.00,1.43
3985696,-6.13,-0.45,5.68,0.00,0.85
3988756,7.02,-0.35,-7.37,0.00,-1.11
3991900,10.25,-0.25,-10.51,0.00,-1.58
3995216,10.27,-0.15,-10.42,0.00,-1.56
3998532,8.49,-0.05,-8.53,0.00,-1.28
4001676,-1.06,0.05,1.11,0.00,0.17
4004652,-9.68,0.15,9.82,0.00,1.47
4007624,-10.15,0.24,10.39,0.00,1.56
4010772,-10.04,0.34,10.38,0.00,1.56
4013916,-5.13,0.44,5.57,0.00,0.84
4016892,7.54,0.53,-7.01,0.00,-1.05
4019952,10.34,0.63,-9.72,0.00,-1.46
4023096,10.39,0.72,-9.67,0.00,-1.45
4026240,9.31,0.82,-8.49,0.00,-1.27
4029300,1.83,0.92,-0.91,0.00,-0.14
4032360,-8.66,1.01,9.67,0.00,1.45
4035336,-10.06,1.10,11.16,0.00,1.67
4038480,-9.52,1.20,10.72,0.00,1.61
4041540,-2.28,1.29,3.57,0.00,0.54
4044516,8.82,1.38,-7.44,0.00,-1.12
4047576,10.50,1.47,-9.03,0.00,-1.35
4050720,10.46,1.57,-8.90,0.00,-1.33
4053864,9.48,1.66,-7.82,0.00,-1.17
4056924,1.53,1.75,0.22,0.00,0.03
4059816,-8.87,1.84,10.71,0.00,1.61
4062876,-10.13,1.92,12.06,0.00,1.81
4066020,-9.85,2.02,11.87,0.00,1.78
4069080,-4.76,2.10,6.87,0.00,1.03
4072056,8.37,2.19,-6.18,0.00,-0.93
4075116,10.60,2.27,-8.33,0.00,-1.25
4078260,9.10,2.36,-6.74,0.00,-1.01
4081320,-7.67,2.45,10.11,0.00,1.52
4084380,-10.15,2.53,12.68,0.00,1.90
4087524,-10.15,2.61,12.76,0.00,1.91
4090672,-0.97,2.70,3.67,0.00,0.55
4093644,10.24,2.78,-7.46,0.00,-1.12
4096792,10.53,2.86,-7.68,0.00,-1.15
4099936,6.84,2.94,-3.91,0.00,-0.59
4102996,-8.19,3.01,11.21,0.00,1.68
4106056,-10.17,3.09,13.26,0.00,1.99
4109200,-10.17,3.17,13.33,0.00,2.00
4112344,-9.38,3.24,12.62,0.00,1.89
4115404,1.67,3.32,1.65,0.00,0.25
4118296,10.22,3.38,-6.84,0.00,-1.03
4121440,10.57,3.46,-7.11,0.00,-1.07
4124584,8.42,3.53,-4.89,0.00,-0.73
4127644,-4.73,3.59,8.32,0.00,1.25
4130620,-9.75,3.66,13.40,0.00,2.01
4133680,-9.55,3.72,13.28,0.00,1.99
4136740,-5.06,3.79,8.85,0.00,1.33
4139716,7.32,3.85,-3.47,0.00,-0.52
4142776,10.57,3.91,-6.66,0.00,-1.00
4145920,10.38,3.97,-6.41,0.00,-0.96
4149064,8.10,4.03,-4.08,0.00,-0.61
4152124,2.19,4.08,1.89,0.00,0.28
4155016,-3.16,4.14,7.29,0.00,1.09
4157992,-2.42,4.19,6.61,0.00,0.99
4160964,4.24,4.24,-0.00,0.00,-0.00
4164024,8.68,4.29,-4.39,0.00,-0.66
4167084,10.25,4.34,-5.92,0.00,-0.89
4170232,10.60,4.39,-6.22,0.00,-0.93
4173376,10.62,4.43,-6.19,0.00,-0.93
4176520,10.57,4.48,-6.09,0.00,-0.91
4179664,10.45,4.52,-5.93,0.00,-0.89
4182812,10.27,4.56,-5.71,0.00,-0.86
4185956,10.10,4.60,-5.50,0.00,-0.82
4189100,10.01,4.64,-5.37,0.00,-0.81
4192244,10.01,4.67,-5.33,0.00,-0.80
4195392,10.03,4.71,-5.32,0.00,-0.80
4198536,10.01,4.74,-5.27,0.00,-0.79
4201680,10.01,4.77,-5.24,0.00,-0.79
4204824,10.03,4.80,-5.23,0.00,-0.78
4207972,9.99,4.83,-5.16,0.00,-0.77
4211032,10.03,4.85,-5.18,0.00,-0.78
4214176,9.99,4.87,-5.12,0.00,-0.77
4217236,10.03,4.89,-5.13,0.00,-0.77
4220380,10.03,4.91,-5.11,0.00,-0.77
4223524,9.97,4.93,-5.04,0.00,-0.76
4226584,9.99,4.95,-5.05,0.00,-0.76
4229644,10.01,4.96,-5.05,0.00,-0.76
4232792,10.03,4.97,-5.06,0.00,-0.76
4235936,10.03,4.98,-5.05,0.00,-0.76
4239080,10.01,4.99,-5.02,0.00,-0.75
4242224,9.99,4.99,-5.00,0.00,-0.75
4245284,9.99,5.00,-4.99,0.00,-0.75
4248344,10.01,5.00,-5.01,0.00,-0.75
4251492,9.99,5.00,-4.99,0.00,-0.75
4254552,10.01,5.00,-5.01,0.00,-0.75
4257696,10.04,4.99,-5.05,0.00,-0.76
4260840,10.01,4.99,-5.02,0.00,-0.75
4263984,10.03,4.98,-5.05,0.00,-0.76
4267132,9.99,4.97,-5.02,0.00,-0.75
4270192,10.03,4.96,-5.07,0.00,-0.76
4273336,9.99,4.95,-5.04,0.00,-0.76
4276396,9.99,4.93,-5.06,0.00,-0.76
4279456,10.01,4.91,-5.09,0.00,-0.76
4282600,10.03,4.90,-5.13,0.00,-0.77
4285744,9.99,4.87,-5.12,0.00,-0.77
4288804,10.03,4.85,-5.17,0.00,-0.78
4291952,10.01,4.83,-5.18,0.00,-0.78
4295096,10.01,4.80,-5.21,0.00,-0.78
4298240,9.99,4.77,-5.22,0.00,-0.78
4301300,10.04,4.74,-5.30,0.00,-0.80
4304444,9.99,4.71,-5.28,0.00,-0.79
4307504,9.99,4.68,-5.31,0.00,-0.80
4310564,10.01,4.64,-5.37,0.00,-0.80
4313712,9.97,4.60,-5.37,0.00,-0.81
4316772,9.99,4.57,-5.42,0.00,-0.81
4319832,10.01,4.53,-5.48,0.00,-0.82
4322976,10.04,4.48,-5.56,0.00,-0.83
4326120,10.01,4.44,-5.57,0.00,-0.84
4329264,10.01,4.39,-5.62,0.00,-0.84
4332412,10.03,4.34,-5.68,0.00,-0.85
4335556,9.99,4.29,-5.70,0.00,-0.85
4338616,9.99,4.24,-5.75,0.00,-0.86
4341676,10.01,4.19,-5.82,0.00,-0.87
4344820,10.01,4.14,-5.87,0.00,-0.88
4347964,10.01,4.08,-5.93,0.00,-0.89
4351112,10.01,4.02,-5.98,0.00,-0.90
4354256,10.03,3.97,-6.06,0.00,-0.91
4357400,10.03,3.90,-6.12,0.00,-0.92
4360544,10.03,3.84,-6.18,0.00,-0.93
4363692,10.03,3.78,-6.25,0.00,-0.94
4366836,10.03,3.71,-6.31,0.00,-0.95
4369980,10.01,3.65,-6.36,0.00,-0.95
4373124,10.03,3.58,-6.45,0.00,-0.97
4376272,9.99,3.51,-6.48,0.00,-0.97
4379332,10.01,3.44,-6.57,0.00,-0.99
4382476,10.01,3.37,-6.64,0.00,-1.00
4385620,9.99,3.29,-6.70,0.00,-1.00
4388680,8.85,3.22,-5.64,0.00,-0.85
4391740,2.84,3.14,0.30,0.00,0.05
4394632,-3.73,3.07,6.81,0.00,1.02
4397604,-4.33,3.00,7.33,0.00,1.10
4400580,3.52,2.92,-0.60,0.00,-0.09
4403640,9.82,2.85,-6.97,0.00,-1.05
4406700,10.57,2.77,-7.80,0.00,-1.17
4409844,10.34,2.68,-7.66,0.00,-1.15
4412992,7.95,2.60,-5.35,0.00,-0.80
4416052,-1.70,2.52,4.22,0.00,0.63
4419024,-8.66,2.44,11.10,0.00,1.66
4422084,-9.59,2.35,11.94,0.00,1.79
4425144,-5.73,2.27,7.99,0.00,1.20
4428120,6.58,2.18,-4.40,0.00,-0.66
4431180,10.57,2.10,-8.47,0.00,-1.27
4434324,10.34,2.01,-8.34,0.00,-1.25
4437472,-0.41,1.91,2.33,0.00,0.35
4440444,-10.22,1.83,12.05,0.00,1.81
4443592,-10.20,1.74,11.94,0.00,1.79
4446736,-8.61,1.64,10.25,0.00,1.54
4449796,8.33,1.55,-6.78,0.00,-1.02
4452856,10.57,1.46,-9.11,0.00,-1.37
4456000,9.05,1.36,-7.68,0.00,-1.15
4459060,-4.78,1.27,6.05,0.00,0.91
4462036,-10.18,1.18,11.36,0.00,1.70
4465180,-10.22,1.09,11.30,0.00,1.70
4468324,-6.55,0.99,7.54,0.00,1.13
4471300,9.69,0.90,-8.80,0.00,-1.32
4474360,10.59,0.80,-9.78,0.00,-1.47
4477504,8.21,0.70,-7.50,0.00,-1.13
4480564,-6.34,0.61,6.95,0.00,1.04
4483540,-10.22,0.52,10.73,0.00,1.61
4486684,-10.20,0.42,10.62,0.00,1.59
4489832,-10.20,0.32,10.52,0.00,1.58
4492976,-9.82,0.22,10.04,0.00,1.51
4496036,1.79,0.12,-1.67,0.00,-0.25
4499096,10.45,0.03,-10.42,0.00,-1.56
4502324,10.53,-0.07,-10.61,0.00,-1.59
4505640,3.80,-0.18,-3.98,0.00,-0.60
4508784,-10.03,-0.28,9.75,0.00,1.46
4511932,-10.24,-0.37,9.86,0.00,1.48
4515076,-10.22,-0.47,9.75,0.00,1.46
4518220,-9.62,-0.57,9.05,0.00,1.36
4521280,4.45,-0.67,-5.12,0.00,-0.77
4524424,10.57,-0.76,-11.33,0.00,-1.70
4527740,9.92,-0.87,-10.79,0.00,-1.62
4530972,-5.17,-0.97,4.20,0.00,0.63
4534032,-10.22,-1.06,9.16,0.00,1.37
4537176,-10.24,-1.16,9.08,0.00,1.36
4540320,0.94,-1.25,-2.19,0.00,-0.33
4543464,10.59,-1.35,-11.93,0.00,-1.79
4546780,10.08,-1.45,-11.53,0.00,-1.73
4550096,-4.69,-1.55,3.15,0.00,0.47
4553156,-10.24,-1.64,8.60,0.00,1.29
4556300,-10.24,-1.73,8.50,0.00,1.28
4559444,0.04,-1.82,-1.87,0.00,-0.28
4562592,10.55,-1.92,-12.47,0.00,-1.87
4565904,10.17,-2.01,-12.18,0.00,-1.83
4569220,-3.59,-2.11,1.49,0.00,0.22
4572280,-10.24,-2.19,8.04,0.00,1.21
4575424,-10.24,-2.28,7.95,0.00,1.19
4578572,-2.26,-2.37,-0.11,0.00,-0.02
4581800,10.48,-2.46,-12.94,0.00,-1.94
4585116,10.38,-2.55,-12.92,0.00,-1.94
4588432,-0.25,-2.64,-2.38,0.00,-0.36
4591660,-10.22,-2.72,7.50,0.00,1.12
4594804,-10.20,-2.81,7.40,0.00,1.11
4597952,-6.70,-2.89,3.82,0.00,0.57
4601012,9.19,-2.96,-12.15,0.00,-1.82
4604240,10.59,-3.05,-13.63,0.00,-2.04
4607556,9.92,-3.13,-13.05,0.00,-1.96
4610784,-1.58,-3.21,-1.62,0.00,-0.24
4614016,-10.24,-3.28,6.95,0.00,1.04
4617160,-10.24,-3.36,6.88,0.00,1.03
4620308,-9.48,-3.43,6.05,0.00,0.91
4623372,4.73,-3.50,-8.23,0.00,-1.23
4626512,10.22,-3.57,-13.79,0.00,-2.07
4629824,10.48,-3.64,-14.12,0.00,-2.12
4633140,9.90,-3.71,-13.62,0.00,-2.04
4636372,4.19,-3.78,-7.97,0.00,-1.19
4639516,-8.52,-3.84,4.68,0.00,0.70
4642576,-10.22,-3.90,6.31,0.00,0.95
4645720,-10.25,-3.96,6.29,0.00,0.94
4648864,-9.99,-4.02,5.97,0.00,0.90
4651924,-6.25,-4.08,2.17,0.00,0.33
4654984,2.11,-4.14,-6.24,0.00,-0.94
4658132,8.63,-4.19,-12.82,0.00,-1.92
4661360,9.61,-4.24,-13.85,0.00,-2.08
4664592,7.07,-4.30,-11.37,0.00,-1.71
4667820,-3.44,-4.35,-0.91,0.00,-0.14
4671052,-10.11,-4.40,5.72,0.00,0.86
4674196,-10.25,-4.44,5.81,0.00,0.87
4677340,-10.25,-4.49,5.77,0.00,0.86
4680484,-10.20,-4.53,5.67,0.00,0.85
4683632,-8.85,-4.57,4.28,0.00,0.64
4686692,-4.03,-4.61,-0.58,0.00,-0.09
4689928,3.51,-4.65,-8.15,0.00,-1.22
4693064,5.97,-4.68,-10.65,0.00,-1.60
4696296,1.70,-4.72,-6.42,0.00,-0.96
4699440,-4.54,-4.75,-0.21,0.00,-0.03
4702672,-7.81,-4.78,3.03,0.00,0.45
4705732,-8.85,-4.81,4.05,0.00,0.61
4708792,-8.85,-4.83,4.02,0.00,0.60
4711852,-8.47,-4.86,3.61,0.00,0.54
4714912,-7.84,-4.88,2.96,0.00,0.44
4717972,-6.81,-4.90,1.91,0.00,0.29
4721032,-5.24,-4.92,0.32,0.00,0.05
4724092,-3.14,-4.93,-1.80,0.00,-0.27
4727320,-0.43,-4.95,-4.52,0.00,-0.68
4730552,2.72,-4.96,-7.68,0.00,-1.15
4733696,1.49,-4.97,-6.47,0.00,-0.97
4736840,-3.45,-4.98,-1.53,0.00,-0.23
4740072,-6.02,-4.99,1.03,0.00,0.15
4743132,-6.55,-5.00,1.55,0.00,0.23
4746192,-6.11,-5.00,1.11,0.00,0.17
4749252,-5.36,-5.00,0.36,0.00,0.05
4752312,-4.31,-5.00,-0.69,0.00,-0.10
4755540,-2.70,-5.00,-2.30,0.00,-0.34
4758772,-0.73,-4.99,-4.27,0.00,-0.64
4762000,1.67,-4.99,-6.66,0.00,-1.00
4765144,4.24,-4.98,-9.22,0.00,-1.38
4768292,2.53,-4.97,-7.49,0.00,-1.12
4771436,-5.73,-4.95,0.77,0.00,0.12
4774496,-10.11,-4.94,5.17,0.00,0.78
4777640,-10.22,-4.92,5.29,0.00,0.79
4780784,-10.22,-4.91,5.31,0.00,0.80
4783932,-10.24,-4.89,5.35,0.00,0.80
4787076,-10.20,-4.86,5.34,0.00,0.80
4790220,-9.36,-4.84,4.52,0.00,0.68
4793280,-6.48,-4.82,1.66,0.00,0.25
4796340,-1.55,-4.79,-3.24,0.00,-0.49
4799572,4.64,-4.76,-9.40,0.00,-1.41
4802716,5.88,-4.73,-10.61,0.00,-1.59
4805944,0.39,-4.69,-5.09,0.00,-0.76
4809092,-6.56,-4.66,1.91,0.00,0.29
4812152,-9.40,-4.62,4.77,0.00,0.72
4815212,-10.06,-4.59,5.48,0.00,0.82
4818356,-10.17,-4.55,5.62,0.00,0.84
4821500,-10.11,-4.50,5.61,0.00,0.84
4824644,-10.04,-4.46,5.58,0.00,0.84
4827792,-9.85,-4.41,5.44,0.00,0.82
4830852,-9.40,-4.37,5.03,0.00,0.75
4833912,-8.49,-4.32,4.17,0.00,0.63
4836972,-7.05,-4.27,2.78,0.00,0.42
4840032,-4.89,-4.22,0.67,0.00,0.10
4843092,-1.98,-4.17,-2.18,0.00,-0.33
4846320,1.46,-4.11,-5.57,0.00,-0.84
4849464,5.04,-4.05,-9.10,0.00,-1.36
4852612,4.34,-4.00,-8.34,0.00,-1.25
4855756,-3.19,-3.94,-0.75,0.00,-0.11
4858984,-9.59,-3.87,5.72,0.00,0.86
4862044,-10.27,-3.81,6.46,0.00,0.97
4865192,-10.27,-3.75,6.52,0.00,0.98
4868336,-10.27,-3.68,6.59,0.00,0.99
4871480,-10.24,-3.61,6.62,0.00,0.99
4874624,-10.24,-3.54,6.69,0.00,1.00
4877772,-10.13,-3.47,6.66,0.00,1.00
4880916,-2.14,-3.40,-1.26,0.00,-0.19
4884144,9.22,-3.33,-12.55,0.00,-1.88
4887376,10.52,-3.25,-13.77,0.00,-2.06
4890692,10.32,-3.17,-13.49,0.00,-2.02
4894004,7.47,-3.09,-10.56,0.00,-1.58
4897236,-5.88,-3.01,2.87,0.00,0.43
4900296,-10.22,-2.93,7.29,0.00,1.09
4903440,-10.25,-2.85,7.40,0.00,1.11
4906584,-9.68,-2.77,6.91,0.00,1.04
4909644,5.48,-2.69,-8.17,0.00,-1.23
4912792,10.59,-2.60,-13.19,0.00,-1.98
4916104,10.25,-2.52,-12.77,0.00,-1.92
4919420,1.56,-2.42,-3.99,0.00,-0.60
4922564,-10.10,-2.34,7.76,0.00,1.16
4925712,-10.24,-2.25,7.99,0.00,1.20
4928856,-10.22,-2.16,8.06,0.00,1.21
4932000,-10.10,-2.07,8.02,0.00,1.20
4935144,-0.50,-1.98,-1.48,0.00,-0.22
4938376,10.39,-1.89,-12.28,0.00,-1.84
4941692,10.57,-1.79,-12.36,0.00,-1.85
4945004,4.45,-1.69,-6.14,0.00,-0.92
4948152,-9.90,-1.60,8.30,0.00,1.25
4951212,-10.24,-1.51,8.73,0.00,1.31
4954356,-10.24,-1.41,8.82,0.00,1.32
4957500,-10.20,-1.32,8.88,0.00,1.33
4960644,-4.13,-1.22,2.91,0.00,0.44
4963704,9.47,-1.13,-10.60,0.00,-1.59
4966936,10.57,-1.03,-11.60,0.00,-1.74
4970252,10.38,-0.93,-11.30,0.00,-1.70
4973564,4.36,-0.83,-5.19,0.00,-0.78
4976712,-9.17,-0.73,8.44,0.00,1.27
4979772,-10.22,-0.63,9.58,0.00,1.44
4982916,-10.25,-0.54,9.72,0.00,1.46
4986060,-8.47,-0.44,8.03,0.00,1.20
4989120,4.99,-0.34,-5.33,0.00,-0.80
4992264,10.57,-0.24,-10.81,0.00,-1.62
4995580,10.18,-0.14,-10.32,0.00,-1.55
4998896,-3.66,-0.03,3.63,0.00,0.54
5001956,-10.24,0.06,10.30,0.00,1.54
5005100,-10.29,0.16,10.45,0.00,1.57
5008244,-0.50,0.26,0.76,0.00,0.11
5011220,10.53,0.35,-10.18,0.00,-1.53
5014452,10.34,0.45,-9.89,0.00,-1.48
5017596,-0.36,0.55,0.91,0.00,0.14
5020572,-10.24,0.64,10.88,0.00,1.63
5023716,-10.24,0.74,10.98,0.00,1.65
5026860,-7.58,0.84,8.42,0.00,1.26
5029836,9.12,0.93,-8.19,0.00,-1.23
5032896,10.59,1.03,-9.56,0.00,-1.43
5036048,8.73,1.12,-7.61,0.00,-1.14
5039100,-5.53,1.22,6.75,0.00,1.01
5042076,-10.25,1.31,11.56,0.00,1.73
5045220,-10.20,1.40,11.60,0.00,1.74
5048364,-10.20,1.50,11.70,0.00,1.75
5051512,-10.04,1.59,11.63,0.00,1.75
5054656,-0.01,1.68,1.69,0.00,0.25
5057632,10.24,1.77,-8.46,0.00,-1.27
5060776,10.60,1.86,-8.74,0.00,-1.31
5063920,7.84,1.95,-5.89,0.00,-0.88
5066980,-6.88,2.04,8.92,0.00,1.34
5069956,-10.24,2.13,12.36,0.00,1.85
5073100,-10.22,2.22,12.44,0.00,1.87
5076244,-8.63,2.30,10.93,0.00,1.64
5079304,3.45,2.39,-1.06,0.00,-0.16
5082364,10.46,2.47,-7.99,0.00,-1.20
5085512,10.57,2.56,-8.01,0.00,-1.20
5088656,7.16,2.64,-4.52,0.00,-0.68
5091716,-7.84,2.72,10.57,0.00,1.58
5094776,-10.25,2.80,13.06,0.00,1.96
5097920,-10.22,2.89,13.10,0.00,1.97
5101064,-9.22,2.97,12.19,0.00,1.83
5104124,2.32,3.04,0.73,0.00,0.11
5107016,10.29,3.11,-7.17,0.00,-1.08
5110160,10.57,3.19,-7.38,0.00,-1.11
5113304,8.61,3.27,-5.34,0.00,-0.80
5116364,-4.68,3.34,8.02,0.00,1.20
5119340,-9.85,3.41,13.26,0.00,1.99
5122400,-9.76,3.48,13.24,0.00,1.99
5125460,-5.83,3.55,9.38,0.00,1.41
5128436,6.60,3.61,-2.99,0.00,-0.45
5131496,10.55,3.68,-6.87,0.00,-1.03
5134640,10.34,3.74,-6.60,0.00,-0.99
5137784,3.31,3.81,0.49,0.00,0.07
5140676,-8.09,3.87,11.95,0.00,1.79
5143736,-10.11,3.93,14.04,0.00,2.11
5146880,-9.47,3.99,13.45,0.00,2.02
5149940,-1.76,4.04,5.80,0.00,0.87
5152916,8.98,4.10,-4.88,0.00,-0.73
5155976,10.62,4.15,-6.47,0.00,-0.97
5159120,10.48,4.21,-6.27,0.00,-0.94
5162264,8.98,4.26,-4.72,0.00,-0.71
5165324,4.73,4.31,-0.42,0.00,-0.06
5168384,-0.60,4.36,4.96,0.00,0.74
5171360,-3.37,4.40,7.77,0.00,1.17
5174336,-0.41,4.45,4.86,0.00,0.73
5177312,7.23,4.49,-2.74,0.00,-0.41
5180372,10.08,4.53,-5.55,0.00,-0.83
5183516,10.62,4.57,-6.05,0.00,-0.91
5186660,10.59,4.61,-5.98,0.00,-0.90
5189804,10.43,4.65,-5.78,0.00,-0.87
5192952,10.08,4.68,-5.40,0.00,-0.81
5196096,9.36,4.72,-4.65,0.00,-0.70
5199156,8.52,4.75,-3.78,0.00,-0.57
5202216,7.96,4.78,-3.19,0.00,-0.48
5205276,7.86,4.80,-3.05,0.00,-0.46
5208336,7.89,4.83,-3.06,0.00,-0.46
5211396,7.91,4.85,-3.06,0.00,-0.46
5214456,7.89,4.88,-3.02,0.00,-0.45
5217516,7.89,4.90,-3.00,0.00,-0.45
5220576,7.89,4.91,-2.98,0.00,-0.45
5223636,7.91,4.93,-2.98,0.00,-0.45
5226696,7.88,4.95,-2.93,0.00,-0.44
5229756,7.86,4.96,-2.90,0.00,-0.43
5232816,7.93,4.97,-2.96,0.00,-0.44
5235876,7.93,4.98,-2.95,0.00,-0.44
5238936,7.91,4.99,-2.92,0.00,-0.44
5241996,7.89,4.99,-2.90,0.00,-0.43
5245056,7.89,5.00,-2.90,0.00,-0.43
5248116,7.89,5.00,-2.89,0.00,-0.43
5251176,7.89,5.00,-2.89,0.00,-0.43
5254236,7.91,5.00,-2.91,0.00,-0.44
5257296,7.91,4.99,-2.92,0.00,-0.44
5260356,7.91,4.99,-2.92,0.00,-0.44
5263416,7.91,4.98,-2.93,0.00,-0.44
5266476,7.89,4.97,-2.92,0.00,-0.44
5269536,7.89,4.96,-2.93,0.00,-0.44
5272596,7.91,4.95,-2.96,0.00,-0.44
5275660,7.89,4.94,-2.96,0.00,-0.44
5278716,7.93,4.92,-3.01,0.00,-0.45
5281776,7.89,4.90,-2.99,0.00,-0.45
5284836,7.91,4.88,-3.03,0.00,-0.45
5287896,7.91,4.86,-3.05,0.00,-0.46
5290956,7.91,4.84,-3.08,0.00,-0.46
5294016,7.93,4.81,-3.12,0.00,-0.47
5297076,7.93,4.78,-3.15,0.00,-0.47
5300136,7.91,4.75,-3.16,0.00,-0.47
5303196,7.93,4.72,-3.21,0.00,-0.48
5306256,7.91,4.69,-3.22,0.00,-0.48
5309316,7.96,4.66,-3.31,0.00,-0.50
5312376,7.91,4.62,-3.29,0.00,-0.49
5315436,7.93,4.58,-3.35,0.00,-0.50
5318496,7.93,4.54,-3.38,0.00,-0.51
5321556,7.88,4.50,-3.37,0.00,-0.51
5324616,7.91,4.46,-3.45,0.00,-0.52
5327676,7.91,4.42,-3.49,0.00,-0.52
5330736,7.95,4.37,-3.58,0.00,-0.54
5333796,7.93,4.32,-3.61,0.00,-0.54
5336856,7.91,4.27,-3.64,0.00,-0.55
5339916,7.91,4.22,-3.69,0.00,-0.55
5342976,7.93,4.17,-3.76,0.00,-0.56
5346036,7.93,4.12,-3.81,0.00,-0.57
5349096,7.88,4.06,-3.81,0.00,-0.57
5352156,7.93,4.00,-3.92,0.00,-0.59
5355216,7.93,3.95,-3.98,0.00,-0.60
5358276,7.93,3.89,-4.04,0.00,-0.61
5361336,7.91,3.83,-4.09,0.00,-0.61
5364396,7.93,3.76,-4.17,0.00,-0.62
5367456,7.89,3.70,-4.19,0.00,-0.63
5370516,7.95,3.63,-4.31,0.00,-0.65
5373576,7.91,3.57,-4.34,0.00,-0.65
5376636,7.95,3.50,-4.45,0.00,-0.67
5379696,7.89,3.43,-4.46,0.00,-0.67
5382756,7.89,3.36,-4.53,0.00,-0.68
5385816,7.89,3.29,-4.61,0.00,-0.69
5388876,7.89,3.21,-4.68,0.00,-0.70
5391936,7.91,3.14,-4.77,0.00,-0.72
5394996,7.89,3.06,-4.83,0.00,-0.72
5398056,7.89,2.99,-4.91,0.00,-0.74
5401116,7.93,2.91,-5.02,0.00,-0.75
5404176,7.89,2.83,-5.06,0.00,-0.76
5407236,7.89,2.75,-5.14,0.00,-0.77
5410296,7.91,2.67,-5.24,0.00,-0.79
5413356,7.93,2.59,-5.34,0.00,-0.80
5416416,7.89,2.51,-5.39,0.00,-0.81
5419476,7.93,2.42,-5.51,0.00,-0.83
5422536,7.91,2.34,-5.57,0.00,-0.84
5425596,7.93,2.25,-5.68,0.00,-0.85
5428656,7.91,2.17,-5.74,0.00,-0.86
5431716,7.89,2.08,-5.81,0.00,-0.87
5434776,7.93,1.99,-5.94,0.00,-0.89
5437836,7.91,1.90,-6.01,0.00,-0.90
5440896,7.89,1.81,-6.08,0.00,-0.91
5443956,7.93,1.72,-6.20,0.00,-0.93
5447016,7.89,1.63,-6.26,0.00,-0.94
5450076,7.89,1.54,-6.35,0.00,-0.95
5453136,7.93,1.45,-6.48,0.00,-0.97
5456196,7.91,1.36,-6.55,0.00,-0.98
5459256,7.91,1.27,-6.64,0.00,-1.00
5462316,7.91,1.17,-6.74,0.00,-1.01
5465376,5.25,1.08,-4.17,0.00,-0.63
5468436,-2.58,0.99,3.56,0.00,0.53
5471412,-7.37,0.89,8.26,0.00,1.24
5474384,-7.02,0.80,7.82,0.00,1.17
5477360,1.11,0.71,-0.40,0.00,-0.06
5480420,9.57,0.61,-8.96,0.00,-1.34
5483480,10.48,0.52,-9.96,0.00,-1.49
5486624,10.36,0.42,-9.94,0.00,-1.49
5489772,8.07,0.32,-7.75,0.00,-1.16
5492832,-3.92,0.23,4.15,0.00,0.62
5495804,-10.22,0.13,10.35,0.00,1.55
5498952,-10.24,0.03,10.27,0.00,1.54
5502096,-10.18,-0.07,10.12,0.00,1.52
5505324,-9.80,-0.17,9.63,0.00,1.44
5508384,2.54,-0.26,-2.81,0.00,-0.42
5511532,10.53,-0.36,-10.90,0.00,-1.63
5514844,10.25,-0.47,-10.72,0.00,-1.61
5518160,-3.26,-0.57,2.69,0.00,0.40
5521220,-10.22,-0.66,9.55,0.00,1.43
5524364,-10.20,-0.76,9.44,0.00,1.42
5527512,-1.35,-0.86,0.49,0.00,0.07
5530572,10.48,-0.95,-11.44,0.00,-1.72
5533884,10.39,-1.06,-11.45,0.00,-1.72
5537200,-1.22,-1.16,0.06,0.00,0.01
5540260,-10.22,-1.25,8.97,0.00,1.35
5543404,-10.24,-1.35,8.89,0.00,1.33
5546552,-5.59,-1.44,4.14,0.00,0.62
5549612,9.78,-1.53,-11.31,0.00,-1.70
5552840,10.55,-1.63,-12.18,0.00,-1.83
5556156,8.44,-1.73,-10.16,0.00,-1.52
5559384,-8.00,-1.82,6.18,0.00,0.93
5562444,-10.20,-1.91,8.29,0.00,1.24
5565592,-10.10,-2.00,8.09,0.00,1.21
5568736,5.01,-2.09,-7.10,0.00,-1.07
5571880,10.55,-2.18,-12.73,0.00,-1.91
5575196,9.94,-2.28,-12.21,0.00,-1.83
5578424,-1.93,-2.37,-0.43,0.00,-0.07
5581656,-10.20,-2.45,7.75,0.00,1.16
5584800,-10.18,-2.54,7.64,0.00,1.15
5587944,-10.08,-2.62,7.45,0.00,1.12
5591092,0.83,-2.71,-3.54,0.00,-0.53
5594236,10.48,-2.79,-13.27,0.00,-1.99
5597552,10.36,-2.88,-13.23,0.00,-1.99
5600864,-1.48,-2.96,-1.48,0.00,-0.22
5604096,-10.20,-3.04,7.16,0.00,1.07
5607240,-10.24,-3.12,7.12,0.00,1.07
5610384,-3.56,-3.20,0.36,0.00,0.05
5613444,10.22,-3.27,-13.49,0.00,-2.02
5616760,10.53,-3.35,-13.88,0.00,-2.08
5620076,3.47,-3.42,-6.89,0.00,-1.03
5623220,-10.20,-3.50,6.71,0.00,1.01
5626364,-10.22,-3.57,6.65,0.00,1.00
5629512,-9.52,-3.63,5.88,0.00,0.88
5632572,-0.59,-3.70,-3.11,0.00,-0.47
5635800,9.05,-3.77,-12.81,0.00,-1.92
5639032,10.34,-3.83,-14.17,0.00,-2.13
5642344,9.69,-3.90,-13.59,0.00,-2.04
5645576,4.12,-3.96,-8.08,0.00,-1.21
5648720,-8.54,-4.02,4.52,0.00,0.68
5651780,-10.22,-4.08,6.14,0.00,0.92
5654924,-10.20,-4.13,6.07,0.00,0.91
5658072,-9.87,-4.19,5.68,0.00,0.85
5661132,-5.15,-4.24,0.91,0.00,0.14
5664192,3.82,-4.29,-8.11,0.00,-1.22
5667336,7.40,-4.34,-11.74,0.00,-1.76
5670564,5.43,-4.39,-9.82,0.00,-1.47
5673712,-1.72,-4.44,-2.71,0.00,-0.41
5676940,-8.82,-4.48,4.34,0.00,0.65
5680000,-10.20,-4.52,5.68,0.00,0.85
5683144,-10.24,-4.57,5.67,0.00,0.85
5686292,-10.24,-4.60,5.63,0.00,0.84
5689436,-10.24,-4.64,5.59,0.00,0.84
5692580,-10.25,-4.68,5.58,0.00,0.84
5695724,-10.20,-4.71,5.49,0.00,0.82
5698872,-10.27,-4.74,5.53,0.00,0.83
5702016,-10.22,-4.77,5.44,0.00,0.82
5705160,-10.27,-4.80,5.47,0.00,0.82
5708304,-10.22,-4.83,5.39,0.00,0.81
5711452,-9.97,-4.85,5.12,0.00,0.77
5714512,-9.48,-4.88,4.61,0.00,0.69
5717572,-8.28,-4.90,3.38,0.00,0.51
5720632,-6.35,-4.92,1.44,0.00,0.22
5723692,-3.47,-4.93,-1.46,0.00,-0.22
5726920,0.04,-4.95,-4.99,0.00,-0.75
5730064,3.91,-4.96,-8.87,0.00,-1.33
5733212,3.26,-4.97,-8.23,0.00,-1.23
5736356,-4.08,-4.98,-0.90,0.00,-0.13
5739584,-9.78,-4.99,4.79,0.00,0.72
5742644,-10.22,-4.99,5.22,0.00,0.78
5745792,-10.22,-5.00,5.22,0.00,0.78
5748936,-10.24,-5.00,5.24,0.00,0.79
5752080,-10.24,-5.00,5.24,0.00,0.79
5755224,-10.20,-5.00,5.20,0.00,0.78
5758372,-10.25,-4.99,5.26,0.00,0.79
5761516,-10.08,-4.99,5.09,0.00,0.76
5764660,-9.61,-4.98,4.63,0.00,0.69
5767720,-8.02,-4.97,3.05,0.00,0.46
5770780,-5.24,-4.96,0.28,0.00,0.04
5773840,-1.42,-4.94,-3.52,0.00,-0.53
5777072,3.21,-4.93,-8.14,0.00,-1.22
5780216,3.23,-4.91,-8.14,0.00,-1.22
5783360,-3.61,-4.89,-1.28,0.00,-0.19
5786592,-9.50,-4.87,4.63,0.00,0.69
5789652,-10.24,-4.85,5.39,0.00,0.81
5792796,-10.24,-4.82,5.42,0.00,0.81
5795940,-10.20,-4.79,5.41,0.00,0.81
5799084,-10.22,-4.76,5.45,0.00,0.82
5802232,-10.24,-4.73,5.50,0.00,0.83
5805376,-10.22,-4.70,5.52,0.00,0.83
5808520,-10.22,-4.67,5.55,0.00,0.83
5811664,-10.27,-4.63,5.64,0.00,0.85
5814812,-10.20,-4.59,5.61,0.00,0.84
5817956,-10.22,-4.55,5.67,0.00,0.85
5821100,-10.17,-4.51,5.66,0.00,0.85
5824244,-10.01,-4.47,5.54,0.00,0.83
5827392,-9.43,-4.42,5.01,0.00,0.75
5830452,-8.23,-4.37,3.85,0.00,0.58
5833512,-6.23,-4.33,1.91,0.00,0.29
5836572,-3.38,-4.28,-0.90,0.00,-0.13
5839800,0.10,-4.22,-4.32,0.00,-0.65
5842952,3.85,-4.17,-8.03,0.00,-1.20
5846092,3.23,-4.12,-7.34,0.00,-1.10
5849236,-4.17,-4.06,0.11,0.00,0.02
5852296,-9.73,-4.00,5.73,0.00,0.86
5855356,-10.25,-3.94,6.31,0.00,0.95
5858500,-10.24,-3.88,6.35,0.00,0.95
5861644,-10.24,-3.82,6.42,0.00,0.96
5864792,-10.22,-3.75,6.46,0.00,0.97
5867936,-10.22,-3.69,6.53,0.00,0.98
5871080,-10.24,-3.62,6.61,0.00,0.99
5874224,-10.10,-3.55,6.54,0.00,0.98
5877372,-9.41,-3.48,5.93,0.00,0.89
5880432,-7.60,-3.41,4.18,0.00,0.63
5883492,-4.57,-3.34,1.23,0.00,0.18
5886552,-0.55,-3.27,-2.72,0.00,-0.41
5889780,4.10,-3.19,-7.29,0.00,-1.09
5892924,4.13,-3.12,-7.25,0.00,-1.09
5896072,-2.63,-3.04,-0.41,0.00,-0.06
5899300,-9.13,-2.96,6.18,0.00,0.93
5902360,-10.22,-2.88,7.34,0.00,1.10
5905504,-10.17,-2.80,7.37,0.00,1.11
5908652,-6.77,-2.71,4.06,0.00,0.61
5911712,6.39,-2.63,-9.02,0.00,-1.35
5914856,10.06,-2.55,-12.61,0.00,-1.89
5918172,10.06,-2.46,-12.52,0.00,-1.88
5921484,7.79,-2.37,-10.16,0.00,-1.52
5924716,-3.10,-2.28,0.83,0.00,0.12
5927776,-10.11,-2.19,7.92,0.00,1.19
5930920,-10.22,-2.10,8.12,0.00,1.22
5934064,-10.20,-2.01,8.19,0.00,1.23
5937212,-6.65,-1.92,4.73,0.00,0.71
5940272,7.00,-1.83,-8.83,0.00,-1.33
5943416,10.31,-1.74,-12.05,0.00,-1.81
5946732,10.34,-1.64,-11.98,0.00,-1.80
5950044,8.77,-1.54,-10.31,0.00,-1.55
5953276,-1.09,-1.45,-0.35,0.00,-0.05
5956504,-10.01,-1.35,8.66,0.00,1.30
5959652,-10.22,-1.25,8.96,0.00,1.34
5962796,-10.18,-1.16,9.03,0.00,1.35
5965940,-6.13,-1.06,5.07,0.00,0.76
5969000,7.35,-0.97,-8.32,0.00,-1.25
5972144,10.29,-0.87,-11.16,0.00,-1.67
5975460,10.31,-0.77,-11.07,0.00,-1.66
5978776,8.68,-0.66,-9.34,0.00,-1.40
5981920,-1.20,-0.57,0.63,0.00,0.09
5984980,-9.90,-0.47,9.43,0.00,1.41
5988040,-10.22,-0.38,9.84,0.00,1.48
5991184,-10.18,-0.28,9.91,0.00,1.49
5994332,-6.51,-0.18,6.33,0.00,0.95
5997392,6.79,-0.08,-6.87,0.00,-1.03
6000536,10.18,0.02,-10.17,0.00,-1.53
6003764,10.18,0.12,-10.07,0.00,-1.51
6006996,8.45,0.22,-8.23,0.00,-1.23
6010056,-0.85,0.32,1.16,0.00,0.17
6013032,-9.68,0.41,10.09,0.00,1.51
6016092,-10.24,0.50,10.74,0.00,1.61
6019236,-10.04,0.60,10.65,0.00,1.60
6022380,-4.61,0.70,5.31,0.00,0.80
6025356,7.86,0.79,-7.07,0.00,-1.06
6028416,10.36,0.89,-9.47,0.00,-1.42
6031560,10.38,0.99,-9.39,0.00,-1.41
6034704,9.19,1.08,-8.11,0.00,-1.22
6037764,0.73,1.18,0.45,0.00,0.07
6040656,-9.19,1.26,10.45,0.00,1.57
6043716,-10.20,1.36,11.56,0.00,1.73
6046860,-10.01,1.45,11.46,0.00,1.72
6050004,-4.48,1.55,6.03,0.00,0.90
6052980,7.70,1.63,-6.07,0.00,-0.91
6056040,10.55,1.72,-8.83,0.00,-1.32
6059184,10.50,1.82,-8.68,0.00,-1.30
6062332,5.27,1.91,-3.36,0.00,-0.50
6065392,-9.40,2.00,11.39,0.00,1.71
6068452,-10.22,2.08,12.30,0.00,1.85
6071596,-10.20,2.17,12.38,0.00,1.86
6074740,-10.06,2.26,12.32,0.00,1.85
6077884,-1.46,2.35,3.81,0.00,0.57
6080860,9.92,2.43,-7.49,0.00,-1.12
6083920,10.59,2.52,-8.07,0.00,-1.21
6087064,10.03,2.60,-7.43,0.00,-1.11
6090212,0.13,2.68,2.55,0.00,0.38
6093100,-10.13,2.76,12.89,0.00,1.93
6096244,-10.20,2.84,13.04,0.00,1.96
6099392,-10.20,2.92,13.12,0.00,1.97
6102536,-9.78,3.00,12.78,0.00,1.92
6105596,3.31,3.08,-0.23,0.00,-0.04
6108656,10.57,3.15,-7.41,0.00,-1.11
6111800,10.29,3.23,-7.06,0.00,-1.06
6114944,-1.53,3.31,4.83,0.00,0.73
6117920,-10.24,3.37,13.61,0.00,2.04
6121064,-10.24,3.45,13.68,0.00,2.05
6124212,-4.76,3.52,8.28,0.00,1.24
6127184,10.20,3.58,-6.62,0.00,-0.99
6130332,10.59,3.65,-6.93,0.00,-1.04
6133476,8.54,3.72,-4.82,0.00,-0.72
6136536,-5.66,3.78,9.44,0.00,1.42
6139512,-10.10,3.84,13.94,0.00,2.09
6142656,-10.10,3.91,14.00,0.00,2.10
6145800,-7.63,3.97,11.60,0.00,1.74
6148860,5.13,4.02,-1.11,0.00,-0.17
6151920,10.48,4.08,-6.40,0.00,-0.96
6155064,10.55,4.14,-6.41,0.00,-0.96
6158212,9.45,4.19,-5.26,0.00,-0.79
6161272,5.53,4.24,-1.29,0.00,-0.19
6164332,-0.69,4.29,4.98,0.00,0.75
6167304,-4.47,4.34,8.81,0.00,1.32
6170280,-2.39,4.39,6.77,0.00,1.02
6173256,7.04,4.43,-2.61,0.00,-0.39
6176316,10.50,4.47,-6.02,0.00,-0.90
6179460,10.59,4.52,-6.07,0.00,-0.91
6182604,9.83,4.56,-5.28,0.00,-0.79
6185664,7.05,4.60,-2.46,0.00,-0.37
6188724,1.88,4.63,2.75,0.00,0.41
6191616,-1.70,4.67,6.37,0.00,0.96
6194592,-3.14,4.70,7.84,0.00,1.18
6197564,1.02,4.73,3.71,0.00,0.56
6200456,8.24,4.76,-3.48,0.00,-0.52
6203516,10.38,4.79,-5.59,0.00,-0.84
6206660,10.60,4.82,-5.79,0.00,-0.87
6209804,10.53,4.84,-5.69,0.00,-0.85
6212952,10.08,4.87,-5.21,0.00,-0.78
6216096,9.03,4.89,-4.14,0.00,-0.62
6219156,7.47,4.91,-2.57,0.00,-0.39
6222216,5.99,4.92,-1.06,0.00,-0.16
6225276,5.55,4.94,-0.61,0.00,-0.09
6228336,5.95,4.95,-1.00,0.00,-0.15
6231396,6.41,4.97,-1.44,0.00,-0.22
6234456,6.55,4.98,-1.57,0.00,-0.24
6237516,6.58,4.98,-1.60,0.00,-0.24
6240576,6.56,4.99,-1.57,0.00,-0.24
6243636,6.58,5.00,-1.59,0.00,-0.24
6246696,6.58,5.00,-1.58,0.00,-0.24
6249756,6.58,5.00,-1.58,0.00,-0.24
6252816,6.56,5.00,-1.57,0.00,-0.23
6255876,6.58,5.00,-1.59,0.00,-0.24
6258936,6.58,4.99,-1.59,0.00,-0.24
6261996,6.56,4.99,-1.58,0.00,-0.24
6265056,6.58,4.98,-1.60,0.00,-0.24
6268116,6.55,4.97,-1.58,0.00,-0.24
6271176,6.55,4.96,-1.59,0.00,-0.24
6274236,6.58,4.94,-1.64,0.00,-0.25
6277296,6.55,4.93,-1.62,0.00,-0.24
6280356,6.58,4.91,-1.67,0.00,-0.25
6283416,6.58,4.89,-1.69,0.00,-0.25
6286476,6.56,4.87,-1.70,0.00,-0.25
6289536,6.58,4.85,-1.74,0.00,-0.26
6292596,6.60,4.82,-1.78,0.00,-0.27
6295656,6.58,4.80,-1.79,0.00,-0.27
6298716,6.60,4.77,-1.83,0.00,-0.27
6301776,6.58,4.74,-1.84,0.00,-0.28
6304836,6.58,4.71,-1.88,0.00,-0.28
6307896,6.58,4.67,-1.91,0.00,-0.29
6310956,6.58,4.64,-1.94,0.00,-0.29
6314016,6.58,4.60,-1.98,0.00,-0.30
6317076,6.58,4.56,-2.02,0.00,-0.30
6320140,6.58,4.52,-2.06,0.00,-0.31
6323196,6.58,4.48,-2.10,0.00,-0.32
6326256,6.56,4.44,-2.13,0.00,-0.32
6329316,6.58,4.39,-2.19,0.00,-0.33
6332376,6.58,4.35,-2.24,0.00,-0.34
6335436,6.56,4.30,-2.27,0.00,-0.34
6338496,6.55,4.25,-2.30,0.00,-0.35
6341556,6.56,4.20,-2.37,0.00,-0.36
6344616,6.58,4.14,-2.44,0.00,-0.37
6347676,6.63,4.09,-2.55,0.00,-0.38
6350736,6.58,4.03,-2.55,0.00,-0.38
6353796,6.60,3.97,-2.63,0.00,-0.39
6356856,6.60,3.91,-2.68,0.00,-0.40
6359916,6.56,3.85,-2.71,0.00,-0.41
6362976,6.58,3.79,-2.79,0.00,-0.42
6366036,6.62,3.73,-2.89,0.00,-0.43
6369096,6.60,3.66,-2.94,0.00,-0.44
6372156,6.58,3.60,-2.98,0.00,-0.45
6375216,6.60,3.53,-3.07,0.00,-0.46
6378276,6.62,3.46,-3.16,0.00,-0.47
6381336,6.60,3.39,-3.21,0.00,-0.48
6384396,6.60,3.32,-3.28,0.00,-0.49
6387456,6.60,3.25,-3.35,0.00,-0.50
6390516,6.60,3.17,-3.43,0.00,-0.51
6393576,6.62,3.10,-3.52,0.00,-0.53
6396636,6.62,3.02,-3.59,0.00,-0.54
6399696,6.60,2.95,-3.65,0.00,-0.55
6402756,6.62,2.87,-3.75,0.00,-0.56
6405816,6.58,2.79,-3.79,0.00,-0.57
6408876,6.58,2.71,-3.87,0.00,-0.58
6411936,6.58,2.63,-3.95,0.00,-0.59
6414996,6.55,2.55,-4.00,0.00,-0.60
6418056,6.58,2.46,-4.12,0.00,-0.62
6421116,6.58,2.38,-4.20,0.00,-0.63
6424176,6.58,2.29,-4.29,0.00,-0.64
6427236,6.58,2.21,-4.38,0.00,-0.66
6430296,6.60,2.12,-4.48,0.00,-0.67
6433356,6.58,2.03,-4.55,0.00,-0.68
6436416,6.60,1.94,-4.65,0.00,-0.70
6439476,6.58,1.86,-4.73,0.00,-0.71
6442536,6.56,1.77,-4.80,0.00,-0.72
6445596,6.60,1.68,-4.92,0.00,-0.74
6448656,6.60,1.59,-5.01,0.00,-0.75
6451716,6.60,1.49,-5.11,0.00,-0.77
6454776,6.62,1.40,-5.22,0.00,-0.78
6457836,6.58,1.31,-5.27,0.00,-0.79
6460896,6.62,1.22,-5.40,0.00,-0.81
6463956,6.58,1.12,-5.46,0.00,-0.82
6467016,6.58,1.03,-5.55,0.00,-0.83
6470076,6.60,0.93,-5.67,0.00,-0.85
6473136,6.56,0.84,-5.72,0.00,-0.86
6476196,6.63,0.75,-5.89,0.00,-0.88
6479256,6.58,0.65,-5.93,0.00,-0.89
6482316,6.60,0.55,-6.05,0.00,-0.91
6485376,6.60,0.46,-6.14,0.00,-0.92
6488436,6.58,0.36,-6.22,0.00,-0.93
6491496,6.58,0.27,-6.32,0.00,-0.95
6494556,6.58,0.17,-6.41,0.00,-0.96
6497616,6.62,0.07,-6.54,0.00,-0.98
6500676,6.58,-0.02,-6.60,0.00,-0.99
6503820,6.62,-0.12,-6.74,0.00,-1.01
6506964,2.93,-0.22,-3.15,0.00,-0.47
6510112,-4.78,-0.32,4.46,0.00,0.67
6513172,-8.58,-0.41,8.16,0.00,1.22
6516232,-8.07,-0.51,7.56,0.00,1.13
6519292,0.29,-0.60,-0.89,0.00,-0.13
6522436,9.57,-0.70,-10.27,0.00,-1.54
6525664,10.53,-0.80,-11.34,0.00,-1.70
6528980,10.38,-0.91,-11.28,0.00,-1.69
6532296,7.53,-1.01,-8.53,0.00,-1.28
6535440,-6.09,-1.10,4.99,0.00,0.75
6538500,-10.22,-1.20,9.02,0.00,1.35
6541644,-10.18,-1.29,8.89,0.00,1.33
6544792,-8.19,-1.39,6.80,0.00,1.02
6547852,8.47,-1.48,-9.95,0.00,-1.49
6550996,10.57,-1.57,-12.14,0.00,-1.82
6554312,9.01,-1.67,-10.69,0.00,-1.60
6557540,-6.08,-1.77,4.31,0.00,0.65
6560600,-10.20,-1.86,8.34,0.00,1.25
6563744,-10.22,-1.95,8.27,0.00,1.24
6566892,-0.59,-2.04,-1.45,0.00,-0.22
6570120,10.55,-2.13,-12.68,0.00,-1.90
6573436,10.24,-2.23,-12.46,0.00,-1.87
6576752,-3.65,-2.32,1.33,0.00,0.20
6579812,-10.18,-2.40,7.78,0.00,1.17
6582956,-10.18,-2.49,7.69,0.00,1.15
6586100,-0.92,-2.57,-1.66,0.00,-0.25
6589332,10.57,-2.66,-13.23,0.00,-1.98
6592644,10.27,-2.75,-13.02,0.00,-1.95
6595960,-2.86,-2.84,0.02,0.00,0.00
6599020,-10.17,-2.91,7.25,0.00,1.09
6602164,-10.18,-2.99,7.19,0.00,1.08
6605312,-2.75,-3.07,-0.32,0.00,-0.05
6608540,10.38,-3.15,-13.53,0.00,-2.03
6611856,10.43,-3.23,-13.66,0.00,-2.05
6615172,0.73,-3.31,-4.04,0.00,-0.61
6618316,-10.17,-3.38,6.78,0.00,1.02
6621460,-10.15,-3.46,6.69,0.00,1.00
6624604,-7.77,-3.53,4.24,0.00,0.64
6627664,8.24,-3.59,-11.84,0.00,-1.78
6630896,10.60,-3.66,-14.27,0.00,-2.14
6634212,10.55,-3.73,-14.28,0.00,-2.14
6637524,8.33,-3.80,-12.13,0.00,-1.82
6640756,-6.58,-3.87,2.71,0.00,0.41
6643816,-10.15,-3.93,6.22,0.00,0.93
6646960,-10.17,-3.99,6.18,0.00,0.93
6650104,-9.89,-4.05,5.84,0.00,0.88
6653164,-5.50,-4.10,1.40,0.00,0.21
6656224,3.37,-4.16,-7.52,0.00,-1.13
6659372,7.04,-4.21,-11.25,0.00,-1.69
6662600,4.10,-4.26,-8.36,0.00,-1.25
6665744,-3.94,-4.32,-0.37,0.00,-0.06
6668976,-9.76,-4.37,5.40,0.00,0.81
6672036,-10.18,-4.41,5.77,0.00,0.87
6675180,-10.18,-4.46,5.73,0.00,0.86
6678324,-10.18,-4.50,5.68,0.00,0.85
6681472,-10.20,-4.54,5.66,0.00,0.85
6684616,-10.20,-4.58,5.62,0.00,0.84
6687764,-10.13,-4.62,5.51,0.00,0.83
6690904,-9.80,-4.66,5.14,0.00,0.77
6693964,-8.24,-4.69,3.55,0.00,0.53
6697024,-5.29,-4.73,0.56,0.00,0.08
6700084,-0.99,-4.76,-3.77,0.00,-0.57
6703316,4.08,-4.79,-8.87,0.00,-1.33
6706460,4.52,-4.81,-9.33,0.00,-1.40
6709604,-1.91,-4.84,-2.93,0.00,-0.44
6712836,-8.58,-4.86,3.71,0.00,0.56
6715896,-10.08,-4.89,5.19,0.00,0.78
6719040,-10.18,-4.91,5.28,0.00,0.79
6722184,-10.22,-4.92,5.29,0.00,0.79
6725332,-10.20,-4.94,5.26,0.00,0.79
6728476,-10.22,-4.95,5.26,0.00,0.79
6731620,-10.18,-4.97,5.22,0.00,0.78
6734764,-10.22,-4.98,5.24,0.00,0.79
6737912,-10.13,-4.99,5.15,0.00,0.77
6741056,-9.96,-4.99,4.96,0.00,0.74
6744116,-9.45,-5.00,4.45,0.00,0.67
6747176,-8.23,-5.00,3.23,0.00,0.48
6750236,-6.18,-5.00,1.18,0.00,0.18
6753300,-3.16,-5.00,-1.84,0.00,-0.28
6756524,0.60,-5.00,-5.60,0.00,-0.84
6759672,4.52,-4.99,-9.51,0.00,-1.43
6762816,4.05,-4.98,-9.03,0.00,-1.35
6765960,-3.14,-4.97,-1.84,0.00,-0.28
6769192,-9.45,-4.96,4.49,0.00,0.67
6772252,-10.18,-4.95,5.23,0.00,0.78
6775396,-10.20,-4.94,5.26,0.00,0.79
6778540,-10.18,-4.92,5.26,0.00,0.79
6781684,-10.18,-4.90,5.28,0.00,0.79
6784832,-10.17,-4.88,5.29,0.00,0.79
6787976,-10.15,-4.86,5.29,0.00,0.79
6791120,-10.18,-4.83,5.35,0.00,0.80
6794264,-10.20,-4.81,5.39,0.00,0.81
6797412,-10.20,-4.78,5.42,0.00,0.81
6800556,-10.17,-4.75,5.42,0.00,0.81
6803700,-10.08,-4.72,5.36,0.00,0.80
6806844,-9.83,-4.68,5.15,0.00,0.77
6809904,-9.03,-4.65,4.38,0.00,0.66
6812964,-7.26,-4.61,2.65,0.00,0.40
6816024,-4.64,-4.58,0.07,0.00,0.01
6819084,-1.18,-4.54,-3.36,0.00,-0.50
6822316,2.89,-4.49,-7.39,0.00,-1.11
6825460,2.44,-4.45,-6.89,0.00,-1.03
6828604,-4.61,-4.40,0.20,0.00,0.03
6831664,-9.73,-4.36,5.37,0.00,0.81
6834724,-10.20,-4.31,5.89,0.00,0.88
6837872,-10.20,-4.26,5.94,0.00,0.89
6841016,-10.17,-4.20,5.96,0.00,0.89
6844160,-10.17,-4.15,6.02,0.00,0.90
6847304,-10.20,-4.09,6.11,0.00,0.92
6850452,-10.22,-4.04,6.18,0.00,0.93
6853596,-10.18,-3.98,6.21,0.00,0.93
6856740,-9.99,-3.92,6.07,0.00,0.91
6859800,-9.13,-3.86,5.28,0.00,0.79
6862868,-7.18,-3.79,3.38,0.00,0.51
6865928,-4.08,-3.73,0.35,0.00,0.05
6868980,-0.06,-3.67,-3.61,0.00,-0.54
6872212,4.54,-3.60,-8.13,0.00,-1.22
6875356,4.52,-3.53,-8.05,0.00,-1.21
6878500,-2.26,-3.46,-1.19,0.00,-0.18
6881732,-8.85,-3.38,5.47,0.00,0.82
6884792,-10.13,-3.31,6.82,0.00,1.02
6887936,-10.11,-3.24,6.88,0.00,1.03
6891080,-6.35,-3.16,3.19,0.00,0.48
6894140,6.67,-3.09,-9.76,0.00,-1.46
6897284,10.10,-3.01,-13.10,0.00,-1.97
6900600,9.97,-2.92,-12.90,0.00,-1.93
6903832,7.23,-2.84,-10.07,0.00,-1.51
6907060,-4.73,-2.76,1.97,0.00,0.30
6910120,-10.17,-2.68,7.49,0.00,1.12
6913264,-10.18,-2.59,7.59,0.00,1.14
6916412,-10.18,-2.51,7.68,0.00,1.15
6919556,-8.94,-2.42,6.52,0.00,0.98
6922616,3.63,-2.34,-5.96,0.00,-0.89
6925760,10.25,-2.25,-12.50,0.00,-1.88
6929076,10.60,-2.16,-12.76,0.00,-1.91
6932392,10.36,-2.06,-12.42,0.00,-1.86
6935704,4.54,-1.97,-6.50,0.00,-0.98
6938852,-8.99,-1.87,7.12,0.00,1.07
6941912,-10.22,-1.78,8.43,0.00,1.27
6945056,-10.18,-1.69,8.49,0.00,1.27
6948200,-8.23,-1.60,6.63,0.00,0.99
6951260,3.14,-1.51,-4.65,0.00,-0.70
6954404,9.99,-1.41,-11.40,0.00,-1.71
6957636,10.57,-1.32,-11.88,0.00,-1.78
6960952,10.27,-1.21,-11.49,0.00,-1.72
6964264,6.01,-1.11,-7.12,0.00,-1.07
6967412,-8.24,-1.02,7.23,0.00,1.08
6970472,-10.17,-0.92,9.24,0.00,1.39
6973616,-10.22,-0.83,9.39,0.00,1.41
6976760,-8.80,-0.73,8.07,0.00,1.21
6979820,7.02,-0.63,-7.65,0.00,-1.15
6982964,10.57,-0.53,-11.10,0.00,-1.67
6986280,10.01,-0.43,-10.44,0.00,-1.57
6989596,-2.44,-0.33,2.11,0.00,0.32
6992656,-10.18,-0.23,9.95,0.00,1.49
6995800,-10.18,-0.13,10.05,0.00,1.51
6999032,-5.18,-0.03,5.15,0.00,0.77
7002092,9.85,0.07,-9.79,0.00,-1.47
7005152,10.60,0.16,-10.44,0.00,-1.57
7008380,8.73,0.26,-8.47,0.00,-1.27
7011440,-6.83,0.36,7.19,0.00,1.08
7014420,-10.13,0.45,10.58,0.00,1.59
7017560,-10.15,0.55,10.70,0.00,1.60
7020704,-8.19,0.65,8.84,0.00,1.33
7023680,7.32,0.74,-6.58,0.00,-0.99
7026740,10.57,0.84,-9.73,0.00,-1.46
7029884,9.52,0.93,-8.59,0.00,-1.29
7032944,-7.02,1.03,8.05,0.00,1.21
7035924,-10.04,1.12,11.16,0.00,1.67
7039064,-10.04,1.21,11.26,0.00,1.69
7042212,-2.30,1.31,3.61,0.00,0.54
7045184,10.10,1.40,-8.70,0.00,-1.30
7048332,10.59,1.50,-9.09,0.00,-1.36
7051476,8.47,1.59,-6.88,0.00,-1.03
7054536,-7.19,1.68,8.87,0.00,1.33
7057512,-9.90,1.77,11.67,0.00,1.75
7060572,-9.97,1.86,11.83,0.00,1.77
7063632,-7.47,1.95,9.42,0.00,1.41
7066604,7.91,2.03,-5.88,0.00,-0.88
7069664,10.59,2.12,-8.47,0.00,-1.27
7072812,9.34,2.21,-7.14,0.00,-1.07
7075872,-6.72,2.29,9.02,0.00,1.35
7078844,-9.38,2.38,11.76,0.00,1.76
7081904,-9.48,2.46,11.95,0.00,1.79
7084964,-3.94,2.54,6.49,0.00,0.97
7087940,9.55,2.62,-6.93,0.00,-1.04
7091000,10.59,2.71,-7.88,0.00,-1.18
7094144,9.96,2.79,-7.17,0.00,-1.08
7097204,-0.11,2.87,2.98,0.00,0.45
7100180,-9.96,2.94,12.90,0.00,1.93
7103240,-10.03,3.02,13.05,0.00,1.96
7106384,-10.06,3.10,13.16,0.00,1.97
7109532,-5.90,3.18,9.08,0.00,1.36
7112504,9.15,3.25,-5.90,0.00,-0.89
7115564,10.57,3.32,-7.25,0.00,-1.09
7118712,9.12,3.39,-5.72,0.00,-0.86
7121772,-4.71,3.46,8.17,0.00,1.23
7124744,-9.85,3.53,13.38,0.00,2.01
7127804,-9.97,3.60,13.57,0.00,2.04
7130864,-8.42,3.66,12.08,0.00,1.81
7133924,2.37,3.73,1.36,0.00,0.20
7136816,10.11,3.79,-6.33,0.00,-0.95
7139960,10.57,3.85,-6.72,0.00,-1.01
7143104,8.99,3.91,-5.08,0.00,-0.76
7146164,-5.45,3.97,9.42,0.00,1.41
7149140,-10.01,4.03,14.04,0.00,2.11
7152284,-10.01,4.09,14.10,0.00,2.11
7155432,-9.03,4.14,13.17,0.00,1.98
7158492,1.04,4.20,3.16,0.00,0.47
7161380,9.90,4.24,-5.66,0.00,-0.85
7164440,10.52,4.29,-6.22,0.00,-0.93
7167584,10.29,4.34,-5.94,0.00,-0.89
7170732,8.68,4.39,-4.29,0.00,-0.64
7173792,4.99,4.44,-0.55,0.00,-0.08
7176852,0.32,4.48,4.16,0.00,0.62
7179740,-2.21,4.52,6.73,0.00,1.01
7182716,0.83,4.56,3.73,0.00,0.56
7185604,7.46,4.60,-2.86,0.00,-0.43
7188664,9.96,4.63,-5.32,0.00,-0.80
7191724,10.46,4.67,-5.79,0.00,-0.87
7194872,10.53,4.70,-5.83,0.00,-0.87
7198016,10.55,4.74,-5.82,0.00,-0.87
7201160,10.45,4.77,-5.68,0.00,-0.85
7204304,10.27,4.80,-5.48,0.00,-0.82
7207452,10.03,4.82,-5.20,0.00,-0.78
7210596,9.64,4.85,-4.79,0.00,-0.72
7213656,9.24,4.87,-4.37,0.00,-0.66
7216716,8.85,4.89,-3.96,0.00,-0.59
7219776,8.54,4.91,-3.63,0.00,-0.54
7222836,8.31,4.93,-3.39,0.00,-0.51
7225896,8.19,4.94,-3.25,0.00,-0.49
7228956,8.16,4.96,-3.20,0.00,-0.48
7232016,8.10,4.97,-3.14,0.00,-0.47
7235076,8.12,4.98,-3.14,0.00,-0.47
7238136,8.19,4.99,-3.20,0.00,-0.48
7241196,8.23,4.99,-3.23,0.00,-0.48
7244256,8.31,5.00,-3.32,0.00,-0.50
7247316,8.31,5.00,-3.31,0.00,-0.50
7250376,8.35,5.00,-3.35,0.00,-0.50
7253436,8.31,5.00,-3.31,0.00,-0.50
7256496,8.35,5.00,-3.35,0.00,-0.50
7259556,8.37,4.99,-3.37,0.00,-0.51
7262616,8.31,4.98,-3.33,0.00,-0.50
7265676,8.38,4.98,-3.41,0.00,-0.51
7268736,8.35,4.97,-3.38,0.00,-0.51
7271796,8.35,4.95,-3.39,0.00,-0.51
7274856,8.35,4.94,-3.41,0.00,-0.51
7277916,8.31,4.92,-3.39,0.00,-0.51
7280976,8.35,4.91,-3.44,0.00,-0.52
7284036,8.37,4.89,-3.48,0.00,-0.52
7287096,8.31,4.86,-3.45,0.00,-0.52
7290156,8.35,4.84,-3.51,0.00,-0.53
7293216,8.35,4.82,-3.53,0.00,-0.53
7296276,8.35,4.79,-3.56,0.00,-0.53
7299336,8.35,4.76,-3.59,0.00,-0.54
7302396,8.37,4.73,-3.63,0.00,-0.55
7305456,8.38,4.70,-3.68,0.00,-0.55
7308516,8.33,4.67,-3.66,0.00,-0.55
7311576,8.33,4.63,-3.70,0.00,-0.55
7314636,8.35,4.59,-3.75,0.00,-0.56
7317696,8.35,4.55,-3.79,0.00,-0.57
7320756,8.35,4.51,-3.83,0.00,-0.58
7323816,8.35,4.47,-3.88,0.00,-0.58
7326876,8.38,4.43,-3.95,0.00,-0.59
7329936,8.35,4.38,-3.97,0.00,-0.59
7332996,8.35,4.34,-4.01,0.00,-0.60
7336056,8.37,4.29,-4.08,0.00,-0.61
7339116,8.37,4.24,-4.13,0.00,-0.62
7342176,8.38,4.18,-4.20,0.00,-0.63
7345236,8.37,4.13,-4.23,0.00,-0.64
7348296,8.35,4.08,-4.27,0.00,-0.64
7351356,8.35,4.02,-4.33,0.00,-0.65
7354416,8.35,3.96,-4.39,0.00,-0.66
7357476,8.33,3.90,-4.43,0.00,-0.66
7360536,8.31,3.84,-4.47,0.00,-0.67
7363600,8.33,3.78,-4.55,0.00,-0.68
7366660,8.38,3.72,-4.67,0.00,-0.70
7369716,8.35,3.65,-4.70,0.00,-0.70
7372776,8.37,3.58,-4.78,0.00,-0.72
7375836,8.37,3.52,-4.85,0.00,-0.73
7378896,8.37,3.45,-4.92,0.00,-0.74
7381956,8.35,3.38,-4.97,0.00,-0.75
7385016,8.33,3.31,-5.02,0.00,-0.75
7388076,8.33,3.23,-5.10,0.00,-0.76
7391136,8.31,3.16,-5.15,0.00,-0.77
7394196,8.33,3.08,-5.25,0.00,-0.79
7397256,8.31,3.01,-5.30,0.00,-0.80
7400316,8.31,2.93,-5.38,0.00,-0.81
7403376,8.30,2.85,-5.44,0.00,-0.82
7406436,8.26,2.77,-5.49,0.00,-0.82
7409496,8.28,2.69,-5.59,0.00,-0.84
7412556,8.30,2.61,-5.68,0.00,-0.85
7415616,8.28,2.53,-5.75,0.00,-0.86
7418676,8.26,2.45,-5.82,0.00,-0.87
7421736,8.23,2.36,-5.86,0.00,-0.88
7424796,8.24,2.28,-5.97,0.00,-0.90
7427856,8.23,2.19,-6.04,0.00,-0.91
7430916,8.23,2.10,-6.12,0.00,-0.92
7433976,8.23,2.02,-6.21,0.00,-0.93
7437036,8.24,1.93,-6.32,0.00,-0.95
7440096,8.23,1.84,-6.39,0.00,-0.96
7443156,8.30,1.75,-6.55,0.00,-0.98
7446216,8.19,1.66,-6.53,0.00,-0.98
7449276,8.23,1.57,-6.66,0.00,-1.00
7452336,8.31,1.48,-6.84,0.00,-1.03
7455396,5.59,1.38,-4.20,0.00,-0.63
7458456,-3.42,1.29,4.71,0.00,0.71
7461432,-8.58,1.20,9.77,0.00,1.47
7464404,-8.75,1.11,9.86,0.00,1.48
7467380,-1.88,1.02,2.90,0.00,0.43
7470356,8.58,0.93,-7.65,0.00,-1.15
7473416,10.36,0.83,-9.53,0.00,-1.43
7476560,10.10,0.73,-9.36,0.00,-1.40
7479704,6.67,0.64,-6.03,0.00,-0.91
7482764,-4.52,0.54,5.06,0.00,0.76
7485740,-9.87,0.45,10.32,0.00,1.55
7488800,-10.18,0.35,10.54,0.00,1.58
7491944,-7.86,0.25,8.11,0.00,1.22
7494920,5.17,0.16,-5.01,0.00,-0.75
7497980,10.55,0.06,-10.49,0.00,-1.57
7501212,10.52,-0.04,-10.55,0.00,-1.58
7504524,4.36,-0.14,-4.50,0.00,-0.68
7507672,-9.97,-0.24,9.73,0.00,1.46
7510732,-10.25,-0.34,9.92,0.00,1.49
7513876,-10.25,-0.44,9.82,0.00,1.47
7517020,-10.24,-0.53,9.70,0.00,1.46
7520164,-2.95,-0.63,2.31,0.00,0.35
7523224,9.80,-0.73,-10.53,0.00,-1.58
7526456,10.60,-0.83,-11.43,0.00,-1.71
7529772,10.36,-0.93,-11.29,0.00,-1.69
7533084,3.49,-1.03,-4.52,0.00,-0.68
7536232,-9.87,-1.13,8.74,0.00,1.31
7539292,-10.25,-1.22,9.03,0.00,1.35
7542436,-10.25,-1.32,8.94,0.00,1.34
7545580,-9.57,-1.41,8.16,0.00,1.22
7548640,3.03,-1.50,-4.54,0.00,-0.68
7551784,10.52,-1.60,-12.11,0.00,-1.82
7555100,10.50,-1.70,-12.19,0.00,-1.83
7558416,3.94,-1.79,-5.74,0.00,-0.86
7561560,-10.06,-1.89,8.18,0.00,1.23
7564704,-10.27,-1.98,8.29,0.00,1.24
7567852,-10.24,-2.07,8.17,0.00,1.23
7570996,-9.94,-2.16,7.78,0.00,1.17
7574056,1.95,-2.24,-4.19,0.00,-0.63
7577200,10.52,-2.33,-12.85,0.00,-1.93
7580516,10.50,-2.42,-12.92,0.00,-1.94
7583832,4.19,-2.51,-6.70,0.00,-1.01
7586976,-10.24,-2.60,7.64,0.00,1.15
7590120,-10.24,-2.68,7.55,0.00,1.13
7593264,-9.97,-2.77,7.21,0.00,1.08
7596324,2.12,-2.84,-4.97,0.00,-0.75
7599472,10.50,-2.93,-13.42,0.00,-2.01
7602784,10.52,-3.01,-13.52,0.00,-2.03
7606100,6.42,-3.09,-9.52,0.00,-1.43
7609244,-9.83,-3.17,6.67,0.00,1.00
7612304,-10.25,-3.24,7.01,0.00,1.05
7615452,-10.18,-3.32,6.87,0.00,1.03
7618596,2.98,-3.39,-6.37,0.00,-0.96
7621740,10.59,-3.46,-14.05,0.00,-2.11
7625056,10.38,-3.54,-13.91,0.00,-2.09
7628372,0.25,-3.61,-3.86,0.00,-0.58
7631516,-10.29,-3.68,6.61,0.00,0.99
7634660,-10.29,-3.74,6.54,0.00,0.98
7637804,-10.32,-3.81,6.52,0.00,0.98
7640952,-9.71,-3.87,5.84,0.00,0.88
7644012,-5.59,-3.93,1.65,0.00,0.25
7647072,1.93,-3.99,-5.92,0.00,-0.89
7650216,8.07,-4.05,-12.12,0.00,-1.82
7653444,8.78,-4.11,-12.89,0.00,-1.93
7656676,3.82,-4.16,-7.98,0.00,-1.20
7659820,-7.70,-4.22,3.48,0.00,0.52
7662880,-10.32,-4.27,6.05,0.00,0.91
7666024,-10.29,-4.32,5.97,0.00,0.90
7669172,-10.31,-4.37,5.94,0.00,0.89
7672316,-10.04,-4.42,5.63,0.00,0.84
7675460,-7.33,-4.46,2.87,0.00,0.43
7678520,-1.35,-4.50,-3.15,0.00,-0.47
7681752,5.97,-4.55,-10.52,0.00,-1.58
7684980,6.97,-4.59,-11.56,0.00,-1.73
7688212,0.60,-4.63,-5.23,0.00,-0.78
7691356,-7.40,-4.66,2.74,0.00,0.41
7694416,-10.03,-4.70,5.33,0.00,0.80
7697560,-10.34,-4.73,5.61,0.00,0.84
7700704,-10.31,-4.76,5.54,0.00,0.83
7703852,-10.31,-4.79,5.51,0.00,0.83
7706996,-10.32,-4.82,5.50,0.00,0.83
7710140,-10.32,-4.84,5.48,0.00,0.82
7713284,-10.24,-4.87,5.37,0.00,0.81
7716432,-10.01,-4.89,5.12,0.00,0.77
7719576,-9.20,-4.91,4.30,0.00,0.64
7722636,-7.39,-4.93,2.46,0.00,0.37
7725696,-4.33,-4.94,-0.61,0.00,-0.09
7728924,0.06,-4.96,-5.02,0.00,-0.75
7732072,4.73,-4.97,-9.70,0.00,-1.45
7735216,4.57,-4.98,-9.55,0.00,-1.43
7738360,-2.70,-4.99,-2.29,0.00,-0.34
7741592,-9.34,-4.99,4.35,0.00,0.65
7744652,-10.31,-5.00,5.31,0.00,0.80
7747796,-10.31,-5.00,5.31,0.00,0.80
7750940,-10.31,-5.00,5.31,0.00,0.80
7754084,-10.31,-5.00,5.31,0.00,0.80
7757232,-10.32,-4.99,5.33,0.00,0.80
7760376,-10.31,-4.99,5.32,0.00,0.80
7763520,-10.32,-4.98,5.34,0.00,0.80
7766664,-10.32,-4.97,5.35,0.00,0.80
7769812,-10.32,-4.96,5.36,0.00,0.80
7772956,-10.17,-4.95,5.22,0.00,0.78
7776100,-9.59,-4.93,4.66,0.00,0.70
7779160,-8.00,-4.92,3.08,0.00,0.46
7782220,-5.22,-4.90,0.32,0.00,0.05
7785280,-1.16,-4.88,-3.72,0.00,-0.56
7788512,3.75,-4.85,-8.60,0.00,-1.29
7791656,3.91,-4.83,-8.74,0.00,-1.31
7794800,-3.14,-4.80,-1.67,0.00,-0.25
7798032,-9.43,-4.77,4.66,0.00,0.70
7801092,-10.34,-4.74,5.60,0.00,0.84
7804236,-10.31,-4.71,5.59,0.00,0.84
7807380,-10.31,-4.68,5.63,0.00,0.84
7810524,-10.31,-4.64,5.66,0.00,0.85
7813672,-10.32,-4.61,5.72,0.00,0.86
7816816,-10.31,-4.57,5.74,0.00,0.86
7819960,-10.34,-4.52,5.82,0.00,0.87
7823104,-10.36,-4.48,5.88,0.00,0.88
7826252,-10.27,-4.44,5.83,0.00,0.88
7829396,-10.03,-4.39,5.64,0.00,0.85
7832540,-9.22,-4.34,4.88,0.00,0.73
7835600,-7.33,-4.29,3.04,0.00,0.46
7838660,-4.19,-4.24,-0.06,0.00,-0.01
7841892,0.24,-4.19,-4.43,0.00,-0.66
7845036,4.94,-4.13,-9.07,0.00,-1.36
7848180,4.76,-4.08,-8.84,0.00,-1.33
7851324,-2.63,-4.02,-1.39,0.00,-0.21
7854556,-9.38,-3.96,5.42,0.00,0.81
7857616,-10.34,-3.90,6.44,0.00,0.97
7860760,-10.31,-3.84,6.47,0.00,0.97
7863904,-10.29,-3.77,6.52,0.00,0.98
7867052,-10.32,-3.71,6.62,0.00,0.99
7870196,-10.29,-3.64,6.65,0.00,1.00
7873340,-10.31,-3.57,6.73,0.00,1.01
7876484,-10.24,-3.50,6.73,0.00,1.01
7879632,-0.50,-3.43,-2.93,0.00,-0.44
7882860,10.45,-3.36,-13.80,0.00,-2.07
7886176,10.55,-3.28,-13.83,0.00,-2.07
7889492,7.21,-3.20,-10.41,0.00,-1.56
7892720,-9.59,-3.12,6.47,0.00,0.97
7895780,-10.31,-3.05,7.26,0.00,1.09
7898924,-10.22,-2.97,7.25,0.00,1.09
7902072,2.98,-2.89,-5.87,0.00,-0.88
7905216,10.62,-2.80,-13.43,0.00,-2.01
7908532,10.34,-2.72,-13.06,0.00,-1.96
7911844,1.11,-2.63,-3.74,0.00,-0.56
7914992,-10.32,-2.55,7.78,0.00,1.17
7918136,-10.29,-2.46,7.83,0.00,1.17
7921280,-10.03,-2.37,7.65,0.00,1.15
7924424,4.22,-2.29,-6.51,0.00,-0.98
7927572,10.59,-2.20,-12.78,0.00,-1.92
7930892,10.34,-2.10,-12.44,0.00,-1.87
7934200,0.25,-2.01,-2.26,0.00,-0.34
7937344,-10.31,-1.92,8.39,0.00,1.26
7940492,-10.29,-1.83,8.46,0.00,1.27
7943636,-9.13,-1.73,7.40,0.00,1.11
7946696,7.51,-1.64,-9.15,0.00,-1.37
7949840,10.59,-1.55,-12.14,0.00,-1.82
7953156,10.39,-1.45,-11.84,0.00,-1.78
7956472,5.71,-1.35,-7.06,0.00,-1.06
7959616,-9.50,-1.26,8.25,0.00,1.24
7962676,-10.27,-1.16,9.11,0.00,1.37
7965820,-10.27,-1.07,9.21,0.00,1.38
7968964,-4.05,-0.97,3.08,0.00,0.46
7972024,9.64,-0.87,-10.52,0.00,-1.58
7975256,10.60,-0.77,-11.38,0.00,-1.71
7978572,10.53,-0.67,-11.20,0.00,-1.68
7981884,7.54,-0.57,-8.11,0.00,-1.22
7985032,-8.16,-0.47,7.69,0.00,1.15
7988092,-10.31,-0.37,9.93,0.00,1.49
7991236,-10.32,-0.28,10.05,0.00,1.51
7994464,-5.73,-0.17,5.55,0.00,0.83
7997524,9.13,-0.08,-9.21,0.00,-1.38
8000672,10.62,0.02,-10.60,0.00,-1.59
8003900,10.60,0.12,-10.48,0.00,-1.57
8007132,9.90,0.22,-9.68,0.00,-1.45
8010192,0.36,0.32,-0.04,0.00,-0.01
8013252,-10.18,0.42,10.60,0.00,1.59
8016396,-10.29,0.51,10.80,0.00,1.62
8019540,-10.31,0.61,10.92,0.00,1.64
8022684,-10.03,0.71,10.74,0.00,1.61
8025832,1.93,0.81,-1.12,0.00,-0.17
8028892,10.48,0.90,-9.58,0.00,-1.44
8032036,10.55,1.00,-9.55,0.00,-1.43
8035180,8.51,1.10,-7.41,0.00,-1.11
8038240,-7.33,1.19,8.52,0.00,1.28
8041216,-10.27,1.28,11.55,0.00,1.73
8044360,-10.31,1.38,11.68,0.00,1.75
8047504,-8.78,1.47,10.26,0.00,1.54
8050564,6.88,1.56,-5.32,0.00,-0.80
8053624,10.64,1.65,-8.99,0.00,-1.35
8056772,10.34,1.75,-8.59,0.00,-1.29
8059920,1.62,1.84,0.22,0.00,0.03
8062804,-10.29,1.92,12.21,0.00,1.83
8065952,-10.31,2.01,12.32,0.00,1.85
8069096,-10.15,2.10,12.25,0.00,1.84
8072240,2.75,2.19,-0.56,0.00,-0.08
8075300,10.57,2.28,-8.29,0.00,-1.24
8078444,10.52,2.37,-8.15,0.00,-1.22
8081592,6.23,2.45,-3.78,0.00,-0.57
8084652,-9.20,2.54,11.74,0.00,1.76
8087712,-10.31,2.62,12.92,0.00,1.94
8090856,-10.29,2.70,12.99,0.00,1.95
8094000,-10.32,2.78,13.11,0.00,1.97
8097144,-10.27,2.87,13.14,0.00,1.97
8100292,-9.22,2.95,12.17,0.00,1.83
8103352,-5.59,3.02,8.61,0.00,1.29
8106324,0.13,3.10,2.97,0.00,0.44
8109216,5.94,3.17,-2.77,0.00,-0.42
8112276,8.85,3.24,-5.61,0.00,-0.84
8115336,10.03,3.31,-6.71,0.00,-1.01
8118480,10.39,3.39,-7.01,0.00,-1.05
8121624,10.48,3.46,-7.02,0.00,-1.05
8124772,10.50,3.53,-6.97,0.00,-1.05
8127916,10.46,3.60,-6.86,0.00,-1.03
8131060,10.43,3.67,-6.76,0.00,-1.01
8134204,10.41,3.73,-6.68,0.00,-1.00
8137352,10.39,3.80,-6.59,0.00,-0.99
8140496,10.38,3.86,-6.51,0.00,-0.98
8143640,10.32,3.92,-6.40,0.00,-0.96
8146784,10.32,3.98,-6.34,0.00,-0.95
8149932,10.32,4.04,-6.28,0.00,-0.94
8153076,10.34,4.10,-6.24,0.00,-0.94
8156220,10.34,4.16,-6.18,0.00,-0.93
8159364,10.34,4.21,-6.13,0.00,-0.92
8162512,10.32,4.26,-6.06,0.00,-0.91
8165656,10.36,4.31,-6.04,0.00,-0.91
8168800,10.31,4.36,-5.94,0.00,-0.89
8171944,10.31,4.41,-5.90,0.00,-0.88
8175092,10.32,4.46,-5.87,0.00,-0.88
8178236,10.31,4.50,-5.81,0.00,-0.87
8181380,10.32,4.54,-5.78,0.00,-0.87
8184524,10.34,4.58,-5.76,0.00,-0.86
8187672,10.32,4.62,-5.70,0.00,-0.86
8190816,10.32,4.66,-5.67,0.00,-0.85
8193960,10.34,4.69,-5.65,0.00,-0.85
8197104,10.34,4.73,-5.61,0.00,-0.84
8200252,10.32,4.76,-5.57,0.00,-0.83
8203396,10.34,4.79,-5.55,0.00,-0.83
8206540,10.29,4.81,-5.47,0.00,-0.82
8209684,10.34,4.84,-5.50,0.00,-0.83
8212832,10.34,4.86,-5.48,0.00,-0.82
8215976,10.31,4.89,-5.42,0.00,-0.81
8219120,10.31,4.91,-5.40,0.00,-0.81
8222264,10.31,4.92,-5.38,0.00,-0.81
8225412,10.32,4.94,-5.38,0.00,-0.81
8228556,10.29,4.95,-5.33,0.00,-0.80
8231700,10.32,4.97,-5.36,0.00,-0.80
8234844,10.31,4.98,-5.33,0.00,-0.80
8237992,10.31,4.99,-5.32,0.00,-0.80
8241136,10.29,4.99,-5.30,0.00,-0.79
8244280,10.32,5.00,-5.33,0.00,-0.80
8247424,10.31,5.00,-5.31,0.00,-0.80
8250572,10.32,5.00,-5.32,0.00,-0.80
8253716,10.29,5.00,-5.29,0.00,-0.79
8256860,10.31,5.00,-5.31,0.00,-0.80
8260004,10.29,4.99,-5.30,0.00,-0.79
8263152,10.31,4.98,-5.32,0.00,-0.80
8266296,10.29,4.97,-5.31,0.00,-0.80
8269440,10.31,4.96,-5.34,0.00,-0.80
8272584,10.29,4.95,-5.34,0.00,-0.80
8275732,10.29,4.93,-5.35,0.00,-0.80
8278876,10.34,4.92,-5.42,0.00,-0.81
8282020,10.31,4.90,-5.41,0.00,-0.81
8285164,10.31,4.88,-5.43,0.00,-0.81
8288312,10.32,4.86,-5.47,0.00,-0.82
8291456,10.32,4.83,-5.49,0.00,-0.82
8294600,10.31,4.80,-5.50,0.00,-0.83
8297744,10.32,4.78,-5.55,0.00,-0.83
8300892,10.29,4.75,-5.54,0.00,-0.83
8304036,10.32,4.71,-5.61,0.00,-0.84
8307180,10.31,4.68,-5.63,0.00,-0.84
8310324,10.31,4.65,-5.66,0.00,-0.85
8313472,10.29,4.61,-5.68,0.00,-0.85
8316616,10.31,4.57,-5.74,0.00,-0.86
8319760,10.31,4.53,-5.78,0.00,-0.87
8322904,10.34,4.48,-5.86,0.00,-0.88
8326052,10.32,4.44,-5.88,0.00,-0.88
8329196,10.31,4.39,-5.91,0.00,-0.89
8332340,10.32,4.35,-5.98,0.00,-0.90
8335484,10.31,4.30,-6.01,0.00,-0.90
8338632,10.31,4.24,-6.06,0.00,-0.91
8341776,10.32,4.19,-6.13,0.00,-0.92
8344920,10.31,4.14,-6.17,0.00,-0.93
8348064,10.29,4.08,-6.21,0.00,-0.93
8351212,10.31,4.02,-6.28,0.00,-0.94
8354356,10.31,3.96,-6.34,0.00,-0.95
8357500,10.31,3.90,-6.40,0.00,-0.96
8360644,10.32,3.84,-6.48,0.00,-0.97
8363792,10.31,3.78,-6.53,0.00,-0.98
8366936,10.31,3.71,-6.60,0.00,-0.99
8370080,10.29,3.64,-6.65,0.00,-1.00
8373224,10.31,3.57,-6.73,0.00,-1.01
8376372,10.29,3.50,-6.78,0.00,-1.02
8379516,10.31,3.43,-6.87,0.00,-1.03
8382660,10.31,3.36,-6.94,0.00,-1.04
8385804,10.31,3.29,-7.02,0.00,-1.05
8388952,10.29,3.21,-7.08,0.00,-1.06
8392096,10.31,3.14,-7.17,0.00,-1.08
8395240,10.29,3.06,-7.23,0.00,-1.08
8398384,10.34,2.98,-7.36,0.00,-1.10
8401532,10.31,2.90,-7.41,0.00,-1.11
8404676,10.31,2.82,-7.49,0.00,-1.12
8407820,10.31,2.74,-7.57,0.00,-1.14
8410964,10.32,2.65,-7.67,0.00,-1.15
8414112,10.32,2.57,-7.75,0.00,-1.16
8417256,10.32,2.48,-7.84,0.00,-1.18
8420400,10.32,2.40,-7.93,0.00,-1.19
8423544,10.29,2.31,-7.98,0.00,-1.20
8426692,10.32,2.22,-8.10,0.00,-1.22
8429836,10.31,2.13,-8.17,0.00,-1.23
8432980,10.31,2.04,-8.26,0.